597501038
190358935
1709006
1709004
1708995
131898
193806038
68064399
294956505
68052001
3024430
378548410
294956485
619322345
672886570
672886569
658115704
658115702
658115700
658115698
658115696
658115684
658115682
658115680
658115678
658115670
658115666
451767003
451767001
451766853
451766851
451766703
451766701
563615805
559774700
532137629
532137628
532137627
532137626
543175130
543175128
543175126
543175124
543175122
543175120
529367597
529367595
529280049
529280047
529280045
529164814
529164812
529164810
529164808
529164806
529164804
398363603
398363599
398363597
398363595
398363591
398363587
398363581
398363577
398363575
398363573
398363569
398363565
398363563
398363561
398363559
398363555
398363553
398363551
443609859
443609857
443609855
443609853
443609851
443609811
443609809
443609807
443609805
443609803
486138869
486138756
441482380
441482372
441482370
441482354
397911002
313507179
157829826
62738429
390985894
390985892
390985890
354696020
7959971
310006473
268038277
268038247
1841849
1841847
726032
375155240
375155238
375155236
375155234
356614433
312451845
312451836
45758350
343794778
343794774
343794770
343794766
343794762
315418864
315418862
315418860
315418856
315418852
315418850
315418848
285028880
285028878
166864102
166864096
166864094
166864092
166864090
166864082
166864078
166864068
166864066
166864064
166864044
166864040
166864034
166864030
166863988
166863986
166863980
166863978
166863972
166863970
310896479
310896477
310006471
307147605
307147599
46093884
46093882
7239762
2734712
726030
726028
296510269
149208368
149208335
149208269
149208267
149208265
32493030
32493028
12744965
7959983
7959981
7959979
7959977
7959975
7959973
4838567
4836803
4836801
4836799
4836797
226424080
281552896
82469930
19223858
19223856
19223854
19223852
257725405
257683496
257682806
257677850
257665875
187372974
219944305
219983870
219980870
219979828
219897434
33411853
33411839
33411837
215402080
149938962
149938958
149938956
149938954
149938952
149938950
145408226
125863342
33411988
33411986
15959
82469932
82697979
15957
7706844
60652321
81543
81542
226542
