700259109
700258995
700258885
700258775
700258670
700258565
700258457
700258349
700258239
700258127
700258017
700257907
700257803
700257691
700257581
700257469
700257361
700257251
700257157
700257062
700256958
700256846
700256739
700256629
700256516
700256406
700256312
700256202
700256096
700255985
700255875
700255763
700255659
700255551
700255437
700255327
700255214
700255125
700255018
700254911
700254799
700254692
700254474
700254362
700254250
700254036
700253926
700253820
700253715
700253610
700253500
700253394
700253280
700253166
700253058
700252945
700252833
421958022
421958020
421958018
421958016
421958014
421958012
421958010
421958008
421958006
421958004
421958002
421958000
421957998
421957996
421957994
421957992
421957990
421957988
421957986
421957984
421957982
421957980
421957978
421957976
421957974
421957972
421957970
421957968
421957966
421957964
421957962
421957960
421957958
421957956
421957954
548580504
548580490
525644881
525644865
525644857
525644847
525644831
525644828
453060006
453060005
453059714
453059536
453059301
453059300
453059091
453058859
453058858
453058472
453058239
453058238
453057852
453057676
453057442
453057441
453057145
453056967
453056700
421957952
374306312
374306310
374306308
374306306
374306304
374306302
374306300
374306298
333952835
209489522
27989977
27989793
27989623
27989421
219394451
219394439
