298289254
384950703
27805513
17366774
656991466
656991465
656991464
656991463
656991462
656991461
656991460
656991456
656991454
656991453
656991452
656991451
656991450
656991449
656991448
656991445
656991444
656991443
656991442
656991441
656991440
656991439
656991435
656991429
656991428
656991427
656991426
656991425
656991424
656991421
656991420
656991419
656991418
656991417
656991412
656991411
656991405
656991404
656991403
656991402
656991401
656991400
656991399
656991398
656991396
656991395
656991393
656991392
635574988
410067004
410067003
410067002
410067001
410067000
410066999
410066998
410066996
410066995
410066993
410066992
410066990
410066989
410066987
410066985
383101011
383101010
383101009
383101008
383101007
383101006
383101005
383101004
383101003
383101002
383101001
383101000
383100999
383100998
383100997
383100996
383100995
383100994
383100993
383100992
383100991
383100990
383100988
383100987
383100986
383100985
383100984
383100983
383100982
383100981
383100980
383100979
383100978
383100977
383100976
383100975
383100974
383100973
383100972
383100971
383100970
383100969
383100968
383100966
383100965
383100964
383100963
383100962
383100961
383100960
383100959
383100958
383100957
383100956
383100955
383100954
383100953
383100952
383100951
383100950
383100949
383100948
383100947
383100946
383100945
383100943
383100942
383100941
383100940
383100939
383100938
383100937
383100936
383100935
383100934
383100933
383100932
383100931
383100930
383100928
383100927
383100926
383100925
383100924
383100923
383100922
383100921
383100920
260767053
260767051
260767049
260767047
260767045
260767043
260767041
260767039
260767037
260767035
260767033
260767031
260767029
260767027
260767025
260767019
260767017
260767015
260767013
260767011
260767009
260767007
260767005
260767003
260767001
260766999
260766997
260766995
552952900
552952898
552952896
552952894
552952892
552952890
552952888
552952886
552952884
552952882
552952880
552952878
552952876
552952874
552952872
552952870
552952868
552952866
552952864
552952862
552952860
552952858
552952856
552952854
552952852
552952850
552952848
552952846
552952844
552952802
552952800
552952798
552952796
552952794
552952792
552952790
552952788
552952786
552952784
552952782
552952780
552952778
552952776
552952774
552952772
552952770
552952768
552952766
552952764
552952762
552952760
552952758
552952756
552952754
552952752
552952750
552952748
552952746
552952744
552952742
552952740
552952738
552952736
552952734
552952730
552952728
552952726
552952724
552952722
552952720
552952718
552952716
552952714
552952712
552952710
552952708
552952706
552952704
552952702
552952700
552952698
552952696
552952694
552952692
552952690
552952688
552952686
552952684
552952682
552952680
552952678
552952676
552952674
552952672
552952670
552952668
552952666
552952664
552952662
552952660
552952658
552952656
552952654
552952652
552952647
552952646
552952644
552952643
552952641
552952640
552952638
552952637
552952635
552952634
552952632
552952631
552952629
552952628
552952626
552952625
552952623
552952622
552952620
552952619
552952617
552952616
552952614
552952613
552952611
552952610
552952608
552952607
552952605
552952604
552952602
552952601
552952599
552952598
552952596
552952595
552952593
552952592
552952590
552952589
552952587
552952586
552952584
552952583
552952581
552952580
552952578
552952577
552952575
552952574
552952572
552952571
552952569
552952568
552952566
552952565
552952563
552952562
552952560
552952559
552952557
552952556
552952554
552952553
552952551
552952550
552952548
552952547
552952545
552952544
552952542
552952541
552952539
552952538
552952536
552952535
552952490
552952488
552952486
552952484
552952482
552952480
552952478
552952476
552952474
552952472
552952470
552952468
552952466
552952464
552952462
552952460
552952458
552952456
552952454
552952452
552952450
552952448
552952446
552952444
552952442
552952440
552952438
552952436
552952434
552952432
552952430
552952428
552952426
552952424
552952422
552952420
552952418
552952416
552952414
552952412
552952408
552952406
552952404
552952402
552952400
552952398
552952396
552952394
552952392
552952390
552952388
552952386
552952384
552952382
552952380
552952378
552952376
552952374
552952372
552952370
552952368
552952366
552952364
552952362
552952360
552952358
552952356
552952354
552952352
552952350
552952348
552952346
552952344
552952342
552952340
552952338
552952336
552952334
552952332
552952330
552952326
552952324
552952322
552952320
552952318
552952316
552952314
552952312
552952310
552952308
552952306
552952304
552952302
552952300
552952298
552952296
552952294
552952292
552952290
552952288
552952286
552952284
552952282
552952280
552952278
552952276
552952274
552952272
552952270
552952268
484483956
484483954
484483952
484483950
484483948
484483946
484483944
484483942
484483926
484483924
484483922
484483920
484483918
484483916
484483914
484483900
484483898
484483896
484483894
484483892
484483890
484483888
484483886
484483884
484483882
484483880
484483878
484483876
484483874
484483872
484483870
484483868
484483866
296923619
296923617
296923615
296923613
296923611
296923609
296923607
526117215
526117213
526117211
526117205
526117203
526117201
526117193
526117191
526117189
526117183
526117181
526117179
526117169
526117167
526117163
526117161
526117159
526117157
526117155
526117153
526117151
526117147
526117145
526117143
526117141
526117139
526117133
526117131
526117129
526117127
526117125
526117123
526117121
526117119
526117117
526117107
526117105
526117103
526117097
526117095
526117093
526117087
526117085
526117083
526117081
526117079
526117077
389595503
389595501
389595499
389595497
389595494
389595492
389595488
389595486
389595484
389595482
389595480
389595478
389595476
410515908
410515906
410515904
410515902
410515900
410515898
410515896
410515894
410515892
410515890
410515888
410515886
410515884
410515882
410515880
410515878
410515876
410515874
410515872
410515870
410515868
410515866
410515864
410515862
410515860
410515858
410515856
410515854
410515852
410515850
410515848
410515846
410515844
410515842
410515840
410515838
410515836
410515834
410515832
410515830
410515828
410515826
410515824
410515822
410515820
410515818
410515816
410515814
410515812
410515810
410515808
410515806
410515804
410515802
410515800
410515798
410515796
410515794
410515792
410515790
410515788
410515786
410515784
410515782
410515780
410515778
410515776
410515774
410515772
410515770
410515768
410515766
410515764
410515762
410515760
410515758
410515756
410515754
410515752
410515750
410515748
410515746
410515744
410515742
410515740
410515738
410515736
410515734
410515732
410515730
410515728
410515726
410515724
410515722
410515720
410515718
410515716
410515714
410515712
410515710
410515708
410515706
410515704
410515702
410515700
410515698
410515696
410515694
410515692
410515690
410515688
410515686
410515684
410515682
410515680
410515678
410515676
410515674
410515672
410515670
410515668
410515666
410515664
410515662
410515660
410515658
410515656
410515654
410515652
410515650
410515648
410515646
410515644
410515642
410515640
410515638
410515636
410515634
410515632
410515630
410515628
410515626
410515624
410515622
410515620
410515618
410515616
410515614
410515612
410515610
410515608
410515606
410515604
410515602
410515600
410515598
410515596
410515594
410515592
410515590
410515588
410515586
410515584
410515582
410515580
410515578
410515576
410515574
410515572
410515570
410515568
410515566
410515564
410515562
410515560
410515558
410515556
410515554
410515552
410515550
410515548
410515546
410515544
410515542
410515540
410515538
410515536
410515534
410515532
410515530
410515528
410515526
410515524
410515522
410515520
410515518
410515516
410515514
410515512
410515510
410515508
410515506
410515504
410515502
410515500
410515498
410515496
410515494
410515492
410515490
410515488
410515486
410515484
410515482
410515480
410515478
410515476
410515474
410515472
410515470
410515468
410515466
410515464
410515462
410515460
410515458
410515456
410515454
410515452
410515450
410515448
428670921
428670920
387169526
387169525
387169524
387169523
387169522
387169521
387169520
387169519
387169518
387169517
387169516
387169515
387169514
387169513
387169512
387169511
387169510
387169509
387169508
387169507
387169506
387169505
387169504
387169503
387169502
387169501
387169500
387169499
399221239
399221236
399221228
260841947
260841945
260841943
260841897
260841895
260841893
260841891
260841889
260841887
391224324
391224323
391224322
391224321
391224320
391224318
391224316
391224314
391224312
391224311
391224310
391224309
391224308
391224307
391224306
391224304
391224303
388330376
388330374
388330368
388330366
388330358
388330354
388330352
388330350
388330342
388330340
388330332
388330330
388330328
388330326
388330316
388330314
387970936
387970934
387970930
387970928
387864384
387864382
387864360
387864358
387864352
387864350
384872826
384872824
383385001
383384999
302324825
302324823
302324821
302324819
302324817
302324815
302324813
302324811
302324809
302324807
302324805
302324803
302324801
302324799
302324797
302324795
302324793
302324791
302324789
302324787
302324785
302324783
302324781
302324779
302141488
302141486
302141484
302141482
302141480
302141478
302141474
302141472
302141470
302141468
302141466
302141464
302141462
302141460
302141458
302141456
302141454
302141452
302141450
302141448
302141446
302141444
301643229
301643227
301643225
301643223
301643221
301643219
301643217
301643215
301643213
301643211
301643209
301643207
301643205
301643203
301643201
301643199
301643197
301643195
301643193
301643191
301643189
301643187
301643185
301643183
301643181
301643179
301643177
301643175
301643173
301643171
301643169
301643167
301643165
301643163
301643161
301643159
301643157
301643155
301643153
301643151
301643149
301643147
301643145
301643143
301643141
301643139
301643137
301643135
301643085
301643083
301643081
301643079
301643077
301643075
301643073
301643071
301643069
301643067
301643065
301643063
301643061
301643059
301643057
301643055
301643053
301643051
301643049
301643047
301643045
301643043
301643041
301643039
301642989
301642987
301642985
301642983
301642981
301642979
301642977
301642975
301642973
301642971
301642969
301642967
301642965
301642963
301642961
301642959
301642957
301642955
301642953
301642951
301642949
301642947
301642945
301642943
301642893
301642891
301642889
301642887
301642885
301642883
301642881
301642879
301642877
301642875
301642873
301642871
301642869
301642867
301642865
301642863
301642861
301642859
301642857
301642855
301642853
301642851
301642849
301642847
301642845
301642843
301642841
301642839
301642837
301642835
301642833
301642831
301642829
301642827
301642825
301642823
301642821
301642819
301642817
301642815
301642813
301642811
301642809
301642807
301642805
301642803
301642801
301642799
301642797
301642795
301642793
301642791
301642789
301642787
301642785
301642783
301642781
301642779
301642777
301642775
301642773
301642771
301642769
301642767
301642765
301642763
301642761
301642759
301642757
301642755
301642753
301642751
301642725
301642723
301642721
301642719
301642717
301642715
301642713
301642711
301642709
301642707
301642705
301642703
301642701
301642699
301642697
301642695
301642693
301642691
301642689
301642687
301642685
301642683
301642681
301642679
301642677
301642675
301642673
301642671
301642669
301642667
301642665
301642663
301642661
301642659
301642657
301642655
301642653
301642651
301642649
301642647
301642645
301642643
301642641
301642639
301642637
301642635
301642633
301642631
301642535
301642533
301642531
301642529
301642527
301642525
301642523
301642521
301642519
301642517
301642515
301642513
301642511
301642509
301642507
301642505
301642503
301642501
301642499
301642497
301642495
301642493
301642491
301642489
63056195
63056177
63056146
63056126
237687963
237687961
357528711
357528709
357528707
357528705
357528703
357528701
357528699
357528697
357528695
357528693
357528691
357528689
357528687
357528685
357528683
357528681
357528679
357528677
357528675
357528673
357528671
357528669
357528667
357528664
357528662
357528660
357528658
357432742
357432740
357432738
357432736
357432734
357432732
357432730
357432728
357432726
357432724
357432722
357432720
357432718
357432716
357432714
357432712
357432710
357432708
357432706
357432704
357432702
357432700
357432698
357432696
357432694
357432692
357432640
357432638
357432636
357432634
357432632
357432630
357432628
357432626
357432624
357432622
357432620
357432618
357432616
357432614
357432612
357432610
357432608
357432606
357432604
357432602
357432600
357432598
357432596
357432594
357432592
357432590
357432588
357432586
357432584
357432582
357432580
357432578
357432576
357432574
357432572
357432570
357432568
357432566
357432564
357432562
357432560
357432558
357432556
357432554
357432552
357432550
357432548
357432546
357432544
357432542
357432540
357432538
357432536
357432534
357432532
357432476
357432474
357432472
357432470
357432468
357432466
357432464
357432462
357432460
357432458
357432456
357432454
357432452
357432450
357432448
357432446
357432444
357432442
357432440
357432438
357432436
357432434
357432432
357432430
357432428
357432426
357432364
357432362
357432360
357432358
357432356
357432354
357432352
357432350
357432348
357432346
357432344
357432342
357432340
357432338
357432336
357432334
357432332
357432330
357432328
357432326
357432324
357432322
357432320
357432318
357432316
357432314
357432312
357432310
357432308
357432306
357432180
357432178
357432176
357432174
357432172
357432170
357432168
357432166
357432164
357432162
357432160
357432158
357432156
357432154
357432152
357432150
357432148
357432146
357432144
357432142
357432140
357432138
357432136
357432134
357432132
357432130
357432128
357432126
357432124
357432122
357432120
357432118
357432116
357432114
357432112
357432110
357432108
357432106
357432104
357432102
357432100
357432098
357432096
357432094
357432092
357432090
357432088
357432086
357432084
357432082
357432080
357432078
357432076
357432074
357432072
357432070
357432068
357432066
357432064
357432062
357432060
357432058
357432056
357432054
357432052
357432050
357432048
357432046
357432044
357432042
357432040
357432038
357432036
357432034
357432032
357432030
357432028
357432026
357432024
357432022
357432020
357432018
357432016
357432014
357432012
357432010
357431956
357431954
357431952
357431950
357431948
357431946
357431944
357431942
357431940
357431938
357431936
357431934
357431932
357431930
357431928
357431926
357431924
357431922
357431920
357431918
357431916
357431914
357431912
357431910
357431908
357431906
357431904
357431902
357431730
357431728
357431726
357431724
357431722
357431720
357431718
357431716
357431714
357431712
357431710
357431708
357431706
357431704
357431702
357431700
357431698
357431696
357431694
357431692
357431690
357431688
357431686
357431684
357431682
357431680
357431616
357431614
357431612
357431610
357431608
357431606
357431604
357431602
357431600
357431598
357431596
357431594
357431592
357431590
357431588
357431586
357431584
357431582
357431580
357431578
357431576
357431574
357431572
357431570
357431568
357431566
357431564
357431562
357431560
357431558
357431556
357431554
357431552
357431550
357431548
357431546
357431544
357431542
357431540
357431538
357431536
357431534
357431532
357431530
357431528
357431526
357431524
357431522
357431520
357431518
357431516
357431514
357431512
357431510
357431508
357431506
357431504
357431502
357431500
357431498
357431496
357431494
357431492
357431490
357431488
357431486
357431484
357431482
357431480
357431478
357431476
357431474
357431472
357431470
357431468
357431466
357431464
357431462
357431460
357431458
357431456
357431454
357431452
357431450
357431448
357431446
357431444
357431442
357431440
357431438
357431436
357431434
357431432
357431430
357431428
357431426
357431424
357431422
357431420
357431418
357431416
357431414
357431412
357431410
357431408
357431406
357431404
357431402
357431400
357431398
357431396
357431394
357431392
357431390
357431388
357431386
357431384
357431382
357431380
357431378
357431376
357431374
357431372
357431370
357431368
357431366
357431364
357431362
357431360
357431358
357431356
357431354
357431352
357431350
357431348
357431346
357431344
357431342
357431340
357431338
357431336
357431334
357431332
357431330
357431328
357431326
357431266
357431264
357431262
357431260
357431258
357431256
357431254
357431252
357431250
357431248
357431246
357431244
357431242
357431240
357431238
357431236
357431234
357431232
357431230
357431228
357431226
357431224
357431222
357431220
357431218
357431216
357431214
357431212
357431210
357431208
357431206
357431204
357431202
357431200
357431198
357431196
357431194
357431192
357431190
357431188
357431186
357431184
357431182
357431180
357431178
357431176
357431174
357431172
357431170
357431168
357431166
357431164
357431162
357431160
357431158
357431156
357432690
357432688
357432686
357432684
357432682
357432680
357432678
357432676
357432674
357432672
357432670
357432668
357432666
357432664
357432662
357432660
357432658
357432656
357432654
357432652
357432650
357432648
357432646
357432644
357432642
357432530
357432528
357432526
357432524
357432522
357432520
357432518
357432516
357432514
357432512
357432510
357432508
357432506
357432504
357432502
357432500
357432498
357432496
357432494
357432492
357432490
357432488
357432486
357432484
357432482
357432480
357432478
357432424
357432422
357432420
357432418
357432416
357432414
357432412
357432410
357432408
357432406
357432404
357432402
357432400
357432398
357432396
357432394
357432392
357432390
357432388
357432386
357432384
357432382
357432380
357432378
357432376
357432374
357432372
357432370
357432368
357432366
357432304
357432302
357432300
357432298
357432296
357432294
357432292
357432290
357432288
357432286
357432284
357432282
357432280
357432278
357432276
357432274
357432272
357432270
357432268
357432266
357432264
357432262
357432260
357432258
357432256
357432254
357432252
357432250
357432248
357432246
357432244
357432242
357432240
357432238
357432236
357432234
357432232
357432230
357432228
357432226
357432224
357432222
357432220
357432218
357432216
357432214
357432212
357432210
357432208
357432206
357432204
357432202
357432200
357432198
357432196
357432194
357432192
357432190
357432188
357432186
357432184
357432182
357432008
357432006
357432004
357432002
357432000
357431998
357431996
357431994
357431992
357431990
357431988
357431986
357431984
357431982
357431980
357431978
357431976
357431974
357431972
357431970
357431968
357431966
357431964
357431962
357431960
357431958
357431900
357431898
357431896
357431894
357431892
357431890
357431888
357431886
357431884
357431882
357431880
357431878
357431876
357431874
357431872
357431870
357431868
357431866
357431864
357431862
357431860
357431858
357431856
357431854
357431852
357431850
357431848
357431846
357431844
357431842
357431840
357431838
357431836
357431834
357431832
357431830
357431828
357431826
357431824
357431822
357431820
357431818
357431816
357431814
357431812
357431810
357431808
357431806
357431804
357431802
357431800
357431798
357431796
357431794
357431792
357431790
357431788
357431786
357431784
357431782
357431780
357431778
357431776
357431774
357431772
357431770
357431768
357431766
357431764
357431762
357431760
357431758
357431756
357431754
357431752
357431750
357431748
357431746
357431744
357431742
357431740
357431738
357431736
357431734
357431732
357431678
357431676
357431674
357431672
357431670
357431668
357431666
357431664
357431662
357431660
357431658
357431656
357431654
357431652
357431650
357431648
357431646
357431644
357431642
357431640
357431638
357431636
357431634
357431632
357431630
357431628
357431626
357431624
357431622
357431620
357431618
357431324
357431322
357431320
357431318
357431316
357431314
357431312
357431310
357431308
357431306
357431304
357431302
357431300
357431298
357431296
357431294
357431292
357431290
357431288
357431286
357431284
357431282
357431280
357431278
357431276
357431274
357431272
357431270
357431268
325516458
338858966
338858964
338858962
338858960
338858958
338858956
338858954
338858952
338858950
338858948
338858946
338858944
338858942
338858940
338858938
338858936
338858934
338858932
338858930
338858928
338858926
338858924
338858922
338858920
338858918
338858916
338858914
338858912
338858910
338858908
338858906
338858904
338858902
338858900
338858898
338858896
338858894
338858892
338858890
338858888
338858886
338858884
338858882
338858880
338858878
338858876
338858874
338858872
338858870
338858868
338858866
338858864
338858862
338858860
338858858
338858856
338858854
338858852
338858850
338858848
338858846
338858844
338858842
338858840
338858838
338858836
338858834
338858832
338858830
338858828
338858826
338858824
338858822
338858820
338858818
338858816
338858814
338858812
338858810
338858808
338858806
338858804
338858802
338858800
338858798
338858796
338858794
338858792
338858790
338858788
338858786
338858784
338858782
338858780
338858778
338858776
338858774
338858772
338858770
338858768
338858766
338858764
338858762
338858760
338858758
338858756
338858754
338858752
338858750
338858748
338858746
338858744
338858742
338858740
338858738
338858736
338858734
338858732
338858730
338858728
338858726
338858724
338858722
338858720
338858718
338858716
338858714
338858712
338858710
338858708
338858706
338858704
338858702
338858700
338858698
338858696
338858694
338858692
338858690
338858688
338858686
338858684
338858682
338858680
338858678
338858676
338858674
338858672
338858670
338858668
338858666
338858664
338858662
338858660
338858658
338858656
338858654
338858652
338858650
338858648
338858646
338858644
338858642
338858640
338858638
338858636
338858634
338858632
338858630
338858628
338858626
338858624
338858622
338858620
338858618
338858616
338858614
338858612
338858610
338858608
338858606
338858604
338858602
338858600
338858598
338858596
338858594
338858592
338858590
338858588
338858586
338858584
338858582
338858580
338858578
338858576
338858574
338858572
338858570
338858568
338858566
338858564
338858562
338858560
338858558
338858556
338858554
338858552
338858550
338858548
338858546
338858544
338858542
338858540
338858538
338858536
338858534
338858532
338858530
338858528
338858526
338858524
338858522
338858520
338858518
338858516
338858514
338858512
338858510
338858508
338858506
338858504
338858502
338858500
338858498
338858496
338858494
338858492
338858490
338858488
338858486
338858484
338858482
338858480
338858478
338858476
338858474
338858472
338858470
338858468
338858466
338858464
338858462
338858460
338858458
338858456
338858454
338858452
338858450
338858448
338858446
338858444
338858442
338858440
338858438
338858436
338858434
338858432
338858430
338858428
338858426
338858424
338858422
338858420
338858418
338858416
338858414
338858412
338858410
338858408
338858406
338858404
338858402
338858400
338858398
338858396
338858394
338858392
338858390
338858388
338858386
338858384
338858382
338858380
338858378
338858376
338858374
218683899
218683897
218683847
77167261
315377353
315377285
309274342
309274340
309274338
309274336
309274334
309274332
309274330
309274328
309274326
309274324
309274319
309274317
309274315
309274313
309274311
309274309
309274307
309274305
309274303
309274301
309274299
309274297
309274295
309274293
309274291
309274289
309274287
186701226
186701225
186701224
186701223
186701222
186701221
186701220
186701219
186701218
186701217
186701216
186701215
186701214
186701213
186701212
186701211
186701210
302029345
302029343
302029341
302029339
302029337
302029335
302029333
302029331
302029329
302029327
302029324
302029322
302029320
302029318
302029316
302029314
302029312
302029310
302029308
302029306
302029304
302029302
302029300
301643133
301643131
301643129
301643127
301643125
301643123
301643121
301643119
301643117
301643115
301643113
301643111
301643109
301643107
301643105
301643103
301643101
301643099
301643097
301643095
301643093
301643091
301643089
301643087
301642583
301642581
301642579
301642577
301642575
301642573
301642571
301642569
301642567
301642565
301642563
301642561
301642559
301642557
301642555
301642553
301642551
301642549
301642547
301642545
301642543
301642541
301642539
301642537
301643277
301643275
301643273
301643271
301643269
301643267
301643265
301643263
301643261
301643259
301643257
301643255
301643253
301643251
301643249
301643247
301643245
301643243
301643241
301643239
301643237
301643235
301643233
301643231
301643037
301643035
301643033
301643031
301643029
301643027
301643025
301643023
301643021
301643019
301643017
301643015
301643013
301643011
301643009
301643007
301643005
301643003
301643001
301642999
301642997
301642995
301642993
301642991
301642941
301642939
301642937
301642935
301642933
301642931
301642929
301642927
301642925
301642923
301642921
301642919
301642917
301642915
301642913
301642911
301642909
301642907
301642905
301642903
301642901
301642899
301642897
301642895
295322684
295322682
291197521
291197520
291197519
291197518
291197517
291197516
291197515
291197514
291197513
291197512
291197511
291197510
291197509
291197508
295016059
295016057
295016055
166908857
166908855
166908853
166908851
166908849
166908847
166908845
166908843
166908841
166908839
166908837
166908835
166908833
166908831
166908829
166908827
166908825
166908823
166908821
166908819
166908817
166908815
166908813
166908811
166908809
166908807
166908805
166908803
166908801
166908799
166908797
166908795
166908793
166908791
166908789
166908787
166908785
166908783
166908781
166908779
166908777
166908775
166908773
166908771
166908769
166908767
166908765
166908763
166908761
166908759
166908757
166908755
166908753
166908751
166908749
166908747
166908745
166908743
166908741
166908739
166908737
166908735
166908733
166908731
166908729
166908727
166908725
166908723
166908721
166908719
166908717
166908715
166908713
166908711
166908709
166908707
166908705
166908703
166908701
166908699
166908697
166908695
166908693
166908691
166908689
166908687
166908685
166908683
166908681
166908679
166908677
166908675
166908673
166908671
166908669
166908667
166908665
166908663
166908661
166908659
166908657
166908655
166908653
166908651
166908649
166908647
166908645
166908643
166908641
166908639
166908637
166908635
166908633
166908631
166908629
166908627
166908625
166908623
166908621
166908619
166908617
166908615
166908613
166908611
166908609
166908607
166908605
166908603
166908601
166908599
166908597
166908595
166908593
166908591
166908589
166908587
166908585
166908583
166908581
166908579
166908577
166908575
166908573
166908571
166908569
166908567
166908565
166908563
166908561
166908559
166908557
166908555
166908553
166908551
166908549
166908547
166908545
166908543
166908541
166908539
166908537
166908535
166908533
166908531
166908529
166908527
166908525
166908523
166908521
166908519
166908517
166908515
166908513
166908511
166908509
166908507
166908505
166908503
166908501
166908499
166908497
166908495
166908493
166908491
166908489
166908487
166908485
166908483
166908481
166908479
166908477
166908475
166908473
166908471
166908469
166908467
166908465
166908463
166908461
166908459
166908457
166908455
166908453
166908451
166908449
166908447
166908445
166908443
166908441
166908439
166908437
166908435
166908433
166908431
166908429
166908427
166908425
166908423
166908421
166908419
166908417
166908415
166908413
166908411
166908409
166908407
166908405
166908403
166908401
166908399
166908397
166908395
166908393
166908391
166908389
166908387
166908385
166908383
166908381
166908379
166908377
166908375
166908373
166908371
166908369
166908367
166908365
166908363
166908361
166908359
166908357
166908355
166908353
166908351
166908349
166908347
166908345
166908343
166908341
166908339
166908337
166908335
166908333
166908331
166908329
166908327
166908325
166908323
166908321
166908319
166908317
166908315
166908313
166908311
166908309
166908307
166908305
166908303
166908301
166908299
166908297
166908295
166908293
166908291
166908289
166908287
166908285
166908283
166908281
166908279
166908277
166908275
166908273
166908271
166908269
166908267
166908265
166908263
166908261
166908232
166908230
166908228
166908226
166908224
166908222
166908220
166908218
166908216
166908214
166908212
166908210
166908208
166908206
166908204
166908202
166908200
166908198
166908196
166908194
166908192
166908190
166908188
166908186
166908184
166908182
166908180
166908178
166908176
166908174
166908172
166908170
166908168
166908166
166908164
166908162
166908160
166908158
166908156
166908154
166908152
166908150
166908148
166908146
154819176
154819174
154819172
154819170
154819168
154819166
154819164
154819162
154819160
154819158
154690776
154690774
154690772
154690770
154690578
154690576
154690574
154690572
154359440
154359374
154359306
154359237
154359235
154359169
154359097
154359021
154358949
154358865
154358863
154358795
154358729
154358663
154358597
154358531
154358463
154358395
154358325
154358253
154358181
154358107
154358105
154358039
154357963
154357898
154357816
154357750
154357682
154357680
154357578
154357576
154357500
154357424
154357422
154357350
154357348
154357282
154357210
154357137
154357135
119352917
119352915
116739260
116739188
91179088
91178251
91178249
73698730
73698728
73698726
73698724
73698722
73698720
73698718
73698716
73698714
73698712
73698710
73698708
73698706
73698704
73698702
71089831
71089829
71089827
71089825
71089823
71089821
71089819
71089817
71089815
71089813
71089811
71089809
71089807
71089805
71089803
71089673
71089671
71089669
71089667
71089665
71089663
71089661
71089659
71089657
71089655
71089653
71089651
57791676
16118978
13603765
12002357
6684416
6684358
239812446
239812438
184160091
184160090
184160089
184160088
184160087
184160086
184160085
78182999
63056225
63056210
63056162
42742267
42742265
41581474
41581472
225322752
72388787
197940975
197940973
197940971
197940969
197940967
197940965
197940963
197940961
197116197
197116195
197116193
184160103
184160102
184160101
184160100
184160099
184160098
184160097
184160096
184160095
184160094
184160093
156628008
156628006
156628004
156628002
156628000
156627999
156627997
156627995
156627993
156627991
156627989
156627987
156627985
156627983
156627981
156627979
156627977
156627975
156627973
156627971
156627969
33146142
33146140
33146138
33146136
56797559
45535603
45535481
45535479
45535477
45535475
45535473
45535471
45535469
45535467
45535465
45535463
45535461
45535423
45535421
45535419
45535417
45535415
45535413
45535411
45535409
45535407
45535405
45535373
45535371
45535369
45535367
45535365
45535363
45535361
45535359
45535357
45535355
45535353
45535351
45535219
45535217
45535215
45535213
45535211
45535209
45535207
45535205
45535183
45535181
45535179
45535177
45535175
45535173
45535171
45535169
45535167
45535165
45535143
45535141
45535139
45535137
45535135
45535133
45535131
45535129
45535107
45535105
45535103
45535101
45535099
45535097
45535095
45535093
45535091
45535089
45535071
45535069
45535067
45535065
45535063
45535061
45535059
45535057
102695163
102695139
102695117
2570186
2570184
2570182
2570180
2570178
2570176
2570174
2570172
63029687
63029685
63029683
63029681
78214848
63054104
40782205
40782203
37665197
50470527
50470525
50470523
50470521
50470519
50470517
39919138
33299958
40782211
40782209
40782207
40782201
40782199
40782197
40782195
40782193
40782191
40782189
18150168
31879404
31879402
31879400
31879398
31879396
31879394
31879392
31879390
31879388
31879386
31879384
31879382
31879380
31879378
14970950
22775495
22775493
22775394
22775392
22775390
22775388
22775386
22775384
22775382
22775380
22775378
22775376
22775374
22775372
22775370
22775368
12862764
12862762
12862760
12862758
12862756
11094278
5689134
2342463
