594242829
122220256
122220255
76789650
75275898
20137680
1169038
24638207
205829383
75339191
62288863
60416209
60392965
38605668
24638196
6016330
3023261
1707939
1707922
1172679
1168935
544000
341958524
94730411
68052457
61229829
37999950
11133601
11131631
6015065
3024528
3024527
2500195
1352129
400639
75294662
118490
114496
205686197
693433123
7993732
6225076
6015063
3915053
2497734
2493121
1351107
543865
692313989
628819172
628819171
628819170
628819169
628819168
628819167
628819166
628819165
628819164
628819163
628819162
628819161
628819160
628819159
628819158
628819157
628819156
628819155
628819154
628819153
628819152
628819151
628819150
628819149
628819148
628819147
628819146
628819145
628819144
628819143
628819142
628819141
628819140
628819139
628819138
628819137
628819136
628819135
628819134
628819133
628819132
628819131
628819130
628819129
628819128
628819127
628819126
628819125
628819124
628819123
628819122
628819121
628819120
628819119
628819118
628819117
628819116
628819115
628819114
628819113
628819112
628819111
628819110
628819109
628819108
628819107
628819106
628819105
628819104
628819103
628819102
628819101
628819100
628819099
628819098
628819097
628819096
628819095
628819094
628819093
628819092
628819091
628819090
628819089
628819088
683513069
683513067
683513065
683513063
665764162
665764161
665764160
665764159
508123514
508123513
669092133
667713667
667713665
332322145
332322144
332322141
332322140
332322136
332322135
332322132
332322131
332322128
332322127
332322118
332322117
332322110
332322109
332322102
332322101
332322099
332322098
332322090
332322089
332322087
332322086
332322082
332322081
635009185
635009184
425873539
430007688
401808265
189491607
564116010
559807532
559807530
559807528
559807526
550555063
550554302
544370325
544370323
544329315
544329113
428671027
410129779
410129778
410129777
410129774
410129773
410129772
410129771
410129770
410129769
410129768
410129767
410129766
410129765
410129764
410129763
410129762
410129761
410129760
410129759
410129758
410129757
410129756
410129755
410129754
410129752
410129751
410129750
410129749
410129748
410129747
410129746
410129745
410129744
410129743
410129742
410129741
410129740
410129739
410129737
410129736
410129735
410129734
385258080
385258078
385258076
433417412
319657105
469402881
356968736
356968734
340512824
340510928
430726482
323435171
323435170
323435169
323435168
323435167
323435166
323435165
323435164
323435163
323435162
323435161
323435160
323435159
323435158
323435157
323435156
323435155
323435154
323435153
323435152
323435151
323435150
323435149
323435148
323435147
323435146
323435145
323435144
323435143
323435142
323435141
323435140
323435139
323435138
323435137
323435136
323435135
323435134
323435133
323435132
323435131
323435130
323435129
323435128
323435127
323435126
323435125
323435124
323435123
323435122
323435121
323435120
323435119
323435118
323435117
323435116
323435115
323435114
323435113
323435112
323435111
323435110
323435109
323435108
323435107
323435106
323435105
323435104
323435103
323435102
323435101
323435100
323435099
323435098
323435097
323435096
323435095
323435094
323435093
323435092
323435091
323435090
323435089
323435088
323435087
323435086
323435085
323435084
323435083
323435082
323435081
323435080
323435079
323435078
323435077
323435076
323435075
323435074
323435073
323435072
323435071
323435070
323435069
323435068
323435067
323435066
323435065
323435064
323435063
323435062
323435061
323435060
323435059
323435058
323435057
323435056
323435055
323435054
323435053
323435052
323435051
323435050
323435049
323435048
323435047
323435046
323435045
323435044
323435043
323435042
323435041
323435040
323435039
323435038
323435037
323435036
323435035
323435034
323435033
323435032
323435031
323435030
323435029
323435028
323435027
323435026
323435025
323435024
323435023
323435022
162279935
162279934
162279933
162279932
162279931
162279930
162279929
162279928
162279927
162279926
162279925
162279924
162279923
162279922
162279921
162279920
162279919
162279918
162279917
162279916
162279915
162279914
162279913
162279912
162279911
162279910
162279909
9838502
9838501
9838500
9838499
9838498
9838497
9838496
9838495
9838494
9838492
9838491
9838490
9838489
9838488
9838487
9838486
9838485
9838483
9838482
9838481
9838480
9838479
9838478
9838476
9838474
9838473
9838472
9838471
9838470
9838469
9838468
9838466
9838464
9838463
9838460
9838459
9838458
9838457
9838456
9838455
9838454
9838453
9838451
9838449
9838448
9838446
9838444
9838443
9838442
9838440
9838439
9838438
9838437
9838435
9838433
9838431
9838429
9838427
9838426
9838425
9838424
9838423
9838422
9838421
9838420
9838419
9838417
9838416
9838415
9838414
9838413
9838412
9838411
9838410
9838409
9838408
9838407
9838406
9838405
9838404
9838403
9838402
9838400
9838399
9838398
9838397
9838396
9838395
9838394
9838393
9838392
9838391
9838390
9838388
9838387
9838386
9838385
9838384
9838379
9838378
9838377
9838374
9838373
9838372
9838371
9838370
9838369
9838368
9838367
9838366
9838365
9838364
9838363
387965728
387965727
387965726
387965725
387965724
387965723
387965722
387965721
387965720
387965719
387965718
387965717
387965716
387965715
387965714
387965713
387965712
387965711
387965710
387965709
387965708
387965707
387965706
387965705
387965704
387965703
387965702
319657108
319657103
319657101
319657099
319657097
319657095
319657093
384372225
341941279
341941277
392938159
392938158
392938157
392938156
392938155
392938154
392938153
392938152
392938151
392938150
392938149
392938148
392938147
392938146
392938145
392938144
392938143
392938142
392938141
392938140
338221035
338221033
338221031
338221029
389604379
389604377
356968426
356968424
356968418
356968416
356968414
356968412
384977932
384977931
384977930
384977929
384977928
384977927
384977926
384977925
384977924
384977923
384977922
384977921
384977920
384977919
384977918
384977917
384977916
384977915
384977914
384977913
384977912
384977911
384977910
384977909
384977908
384977907
384977906
384977905
384977904
384977903
384977902
384977901
384977900
384977899
384977898
384977897
384977896
384977895
384977894
384977893
384977892
384977891
384977890
384977889
384977888
384939228
384939227
384939226
384939225
384939224
384939223
384939222
384939221
384939220
384939219
384939218
384939217
384939216
384939215
384939214
384939213
384939212
384939211
384939210
384939209
384939208
384939207
384939206
384939205
384939204
384939203
384939202
384939201
384939200
384939199
384939198
384939197
384939196
384939195
384939194
384939193
384939192
384939191
384939190
384939189
384939188
384939187
384939186
384939185
384939184
384939183
384939182
384939181
384939180
384939179
384939178
384939177
384939176
384939175
384939174
384939173
384939172
384939171
384939170
384939169
384939168
384939167
384939166
384939165
384939164
384939163
384939162
384939161
384939160
384939159
384939158
384939157
384939156
384939155
384939154
384939153
384939152
384939151
384939150
384939149
384939148
384939147
384939146
384939145
384939144
384939143
384939142
384939141
384939140
384939139
384939138
384939137
384939136
384939135
384939134
384939133
384939132
384939131
384939130
384939129
384939128
384939127
384939126
384939125
384939124
384939123
384939122
384939121
384939120
384939119
384939118
384939117
384939116
384939115
384939114
384939113
384939112
384939111
384939110
384939109
384157439
384157437
383931931
381145573
379041311
379040193
379038559
379036049
379032237
379031899
379031897
1906503
359372829
359372828
359372827
359372826
359372825
359372824
359372823
359372822
340509506
336444832
336444830
336444828
347990630
347990628
345500032
320148103
320148102
320148101
320148100
320148099
320148098
320148097
320148096
320148095
320148094
320148093
320148092
320148091
320148090
320148089
320148088
320148087
320148086
320148085
320148084
320148083
320148082
320148081
320148080
320148079
320148078
320148077
320148076
320148075
320148074
320148073
320148072
320148071
320148070
320148069
320148068
320148067
320148066
320148065
320148064
320148063
320148062
320148061
320148060
320148059
320148058
320148057
320148056
320148055
320148054
320148053
320148052
320148051
320148050
320148049
320148048
320148047
320148046
320148045
320148044
320148043
320148042
320148041
320148040
320148039
320148038
320148037
320148036
320148035
320148034
320148033
320148032
320148031
320148030
320148029
320148028
320148027
320148026
320148025
320148024
320148023
320148022
320148021
320148020
320148019
320148018
320148017
320148016
320148015
320148014
320148013
320148012
320148011
320148010
320148009
320148008
320148007
320148006
320148005
320148004
320148003
320148002
320148001
320148000
320147999
320147998
320147997
320147996
320147995
320147994
320147992
186659959
34576609
345500033
345500031
345500030
320148732
320148731
320148730
320148729
320148728
320148727
320148726
320148725
320148724
320148723
320148722
320148721
320148720
320148719
320148718
320148717
320148716
320148715
320148714
320148713
320148712
320148711
320148710
320148709
320148708
320148707
320148706
320148705
320148704
320148703
320148702
320148701
320148699
319439904
319439903
319439902
319439901
319439900
319439899
319439898
319439897
319439896
319439895
319439894
319439893
319439892
319439891
319439890
319439889
319439888
319439887
319439886
319439885
319439884
319439883
319439882
319439881
319439880
319439879
319439878
319439877
319439876
319439875
319439874
319439873
319439872
319439871
319439870
319439869
319439868
319439867
319439866
319439865
319439864
319439863
319439862
319439861
319439860
319439859
319439858
319439857
319439856
319439855
319439854
319439853
319439852
319439851
319439850
319439849
319439848
319439847
319439846
319439845
319439844
319439843
319439842
319439841
319439840
319439839
319439838
319439837
319439836
319439835
319439834
319439833
319439832
319439831
319439830
319439829
319439828
319439827
319439826
319439825
319439824
319439823
319439822
319439821
319439820
319439819
319439818
319439817
319439816
319439815
319439814
319439813
319439812
319439811
319439810
319439809
319439808
319439807
319439806
319439805
319439804
319439803
319439802
319439801
319439800
319439799
319439798
319439797
319439796
319439795
319439794
319439793
319439792
319439791
319439790
319439789
319439788
319439787
319439786
319439785
319439784
319439783
319439782
319439781
319439780
319439779
319439778
319439777
319439776
319439775
319439774
319439773
319439772
319439771
319439770
319439769
319439768
319439767
319439766
319439765
319439764
319439763
319439762
319439761
319439760
319439759
319439758
319439757
319439755
317905730
317905729
317905728
317905727
317905726
317905725
317905724
317905723
317905722
317905721
317905720
317905719
317905718
317905717
317905716
317905715
317905714
317905713
317905712
317905711
317905710
317905709
317905708
317905707
317905706
317905705
317905704
317905703
317905702
317905701
317905700
317905699
317905698
317905697
317905696
317905695
317905694
317905693
317905692
317905691
317905690
317905689
317905688
317905687
317905686
317905685
317905684
317905683
317905682
317905681
317905680
317905679
317905678
317905677
317905676
317905675
317905674
317905673
317905672
317905671
317905670
317905669
317905668
317905667
317905666
317905665
317905664
317905663
317905662
317905661
317905660
317905659
317905658
317905657
317905656
317905655
317905654
317905653
317905652
317905651
317905650
317905649
317905648
317905647
317905646
317905645
317905644
317905643
317905642
317905641
317905640
317905639
317905638
317905637
317905636
317905635
317905634
317905633
317905632
317905631
317905630
317905629
317905628
317905627
317905626
317905625
317905624
317905623
317905622
317905621
317905620
317905619
317905618
317905617
317905616
317905615
317905614
317905613
317905612
317905611
317905610
317905609
317905608
317905607
317905606
317905605
317905604
317905603
317905602
317905601
317905600
317905599
317905598
317905597
317905596
317905595
317905594
317905593
317905592
317905591
317905590
317905589
317905588
317905587
317905586
317905585
317905584
317905583
317905581
317905580
332322210
332322209
332322201
332322200
332322187
332322186
332322180
332322179
332322174
332322173
332322171
332322170
332322157
332322156
332322149
332322148
332628508
332628301
332626913
332617639
330730786
330730584
330729001
330728799
327195368
317457414
186659962
61677733
313674127
313674125
313674123
313674121
313674105
313674093
313674091
313674089
313674087
313674079
313585871
306485938
306485936
306485934
306485932
306485930
306485928
306485926
306485924
306485922
306485920
282722285
170773898
157086550
89953458
89953457
89953454
89953453
89953451
89953450
89953449
89953447
89953446
89953444
89953443
89953442
89953441
89953439
89953437
89953436
89953434
89953433
89953432
89953431
89953430
89953429
89953428
89953427
89953426
89953425
89953424
89953419
89953413
89953409
89953408
89953403
89953402
89953399
89953396
89953395
89953393
89953389
89953384
89953382
89953381
89953379
89953373
89953371
89953370
89953363
89953343
89953340
89953339
89953338
89953335
89953332
89953328
89953327
56609442
47028248
47028246
253317411
253317409
307950837
261865358
261865357
261865356
261865355
261865354
261865353
261865352
261865351
261865350
261865349
261865348
261865347
261865346
261865345
261865344
261865343
261865342
261865341
261865340
261865339
289521357
300654700
300654644
300634101
300590651
300590595
300544587
46430997
46430995
45511452
38425095
5823000
1778095
1778093
1402837
1402835
1402833
1209756
1052973
903694
510278
485744
485742
432580
166956
298557441
298557403
298557401
298555472
298555448
298549461
298549437
298532526
298532524
291088236
121501709
121501708
121501707
121501706
121501705
121501704
121501703
121501702
121501701
121501700
121501699
121501698
121501697
121501696
121501695
121501694
121501693
1839273
1839272
998577
945196
945195
291047724
291047610
257853139
188532141
125662890
119352256
116560876
116560864
116560836
116560816
112005099
112005093
68132368
34809190
29824930
29824928
29692096
29570524
15054575
15054572
14530225
11139718
6979558
6979556
5881143
5881134
5881128
5881118
5881115
3249628
2522210
111184724
111184723
111184722
111184721
111184720
281494397
113201827
67527182
281331755
87250875
87250873
87248054
87248052
87248050
87248048
87248044
87248042
87248038
87248036
87248035
87248033
87248031
87248029
87248025
87248023
87248021
87248019
87248017
87248015
68469494
68469493
32435786
24061799
24061795
24061793
24061789
15637167
15637161
15637159
15637157
15637155
15637153
15637149
15637147
15637143
15637141
15637139
15637137
13173419
13022015
12963877
11496135
11496133
11496131
51477411
49182280
47834711
47834687
47498890
1907290
28460066
261599941
261599939
259704097
259704041
259471789
259458823
259458767
259439202
257740412
257736220
257736216
257736214
257732508
257727063
257727061
257720830
257700566
257689525
257676133
257671698
257671286
257662446
257660286
257658699
257658697
257647360
257645316
257644848
257638756
257637854
257636432
257625885
257623672
257336930
257314220
257311054
257306967
257355890
257355144
257352835
257334651
257312990
257308971
257298457
257298453
257298451
257294120
255707080
217793704
7592785
7592784
6331674
20429167
5913979
5913978
5913977
2190276
227478355
227478353
227477889
227477609
227477607
227474498
227474496
227305480
226884012
219990023
219974532
219939852
219919598
219915274
219914820
219911151
219910581
219908379
219890700
219890698
219800937
219800115
219800111
219800109
219795940
219789679
219785105
219779764
219770789
219768319
219768315
219768313
219767793
219764732
219755176
219752145
219751587
219741516
219738892
15637169
15637165
15637163
15637151
15637145
213033225
213033223
213033221
602034
510147
12822
11691639
205271005
205271003
54606798
54606797
54606796
54606795
54606794
54606793
54606792
54606791
54606790
54606789
54606788
54606787
54606786
54606785
54606784
54606783
54606782
54606781
54606780
54606779
54606778
54606777
54606776
54606775
54606774
54606773
54606772
54606771
54606770
54606769
54606768
54606767
54606766
54606765
54606764
54606763
54606762
54606761
54606760
54606759
54606758
54606757
54606756
54606755
54606754
54606753
54606752
54606751
54606750
54606749
54606748
54606747
54606746
54606745
54606744
54606743
54606742
54606741
54606740
54606739
54606738
54606737
54606736
54606735
54606734
54606733
54606732
54606731
54606730
54606729
54606728
54606727
54606726
54606725
54606724
54606723
54606722
54606721
54606720
54606719
54606718
54606717
54606716
54606715
54606714
54606713
54606712
54606711
54606710
54606709
54606708
54606707
54606706
54606705
54606704
54606703
54606702
54606701
54606700
54606699
54606698
54606697
54606696
54606695
54606694
54606693
54606692
54606691
54606690
54606689
54606688
54606687
54606686
54606685
54606684
186911832
186911830
186911828
170935823
170935821
99646754
99646749
99646745
99646741
99646736
99646732
99646728
99646724
99646720
99646716
99646711
177540045
171346264
165940485
161339003
157153896
157153895
148491439
148491438
148491437
148491436
148491435
148491434
148491433
148491432
148491430
148491429
148491428
148491427
148491425
148491424
148491423
148491422
148491421
148491420
148491419
148491418
148491417
148491416
148491415
148491414
148491413
148491412
148491411
9087364
9087363
9087362
9087361
9087360
9087359
9087358
9087357
9087356
9087354
9087353
9087352
9087351
9087350
9087349
9087348
9087347
9087345
9087344
9087343
9087342
9087341
9087340
9087338
9087336
9087335
9087334
9087333
9087332
9087331
9087330
9087328
9087326
9087325
9087322
9087321
9087320
9087319
9087318
9087317
9087316
9087315
9087311
9087310
9087308
9087306
9087305
9087304
9087302
9087300
9087299
9049349
9049347
9049345
9049343
9049341
9049340
9049339
9049338
9049337
9049336
9049335
9049334
9049333
9049331
9049330
9049329
9049328
9049327
9049326
9049325
9049324
9049323
9049322
9049321
9049320
9049319
9049318
9049317
9049316
9049314
9049313
9049312
9049311
9049310
9049309
9049308
9049307
9049306
9049305
9049304
9049302
9049301
9049300
9049299
9049298
9049293
9049292
9049291
9049288
9049287
9049286
9049285
9049284
9049283
9049282
9049281
9049280
9049279
9049278
9049277
157932108
7670044
3410894
3410892
1071882
1071881
151176306
124298197
124298196
124298195
124298194
84311264
84311263
84311262
84311261
84311257
84311255
84311253
84311251
147225252
147225251
147225250
3201572
111154054
111154053
111154052
111154050
111154048
111154046
285632
1088415
1088413
27753503
56409806
19715990
18072863
18072861
18072857
18072855
18072791
7688002
7671528
1929027
1929025
1568480
904359
829258
488731
396760
11271
11269
11267
11261
71040652
71000475
71000473
71000469
71000465
71000461
71000457
71000451
115361480
112818175
87248046
87248027
72385377
88999618
88999616
21322516
21322514
21322512
82581267
82581266
82581265
82581264
82581263
2832369
2832368
2832367
67527176
11259
66840811
66840809
60496831
4584556
4584552
3288113
2369714
1568484
1568478
1556380
1405841
1212810
1107526
974780
974778
974776
860898
860897
860896
860895
860894
860892
860891
860890
860889
860888
17936
17934
11263
57283593
30524689
30524687
21322508
18072847
18072845
17977977
17977975
17977973
14594817
14594815
14594811
12641619
7710959
6468487
3355311
3288109
904330
7484651
7484650
7432498
33438474
1488568
34850080
38488412
40642617
39725278
39725276
30524691
30524685
28465345
28465343
1785489
1020086
533299
533298
533297
533296
7514666
14970536
22091571
22091564
22091562
21322510
14594821
14594819
14594813
18072859
18072849
18072738
16609750
13275002
12057152
8670949
12766
6741922
1429264
1418409
3717401
3717399
3717397
2462134
2765356
1171501
1171499
2300710
2299141
2295925
2295922
2295919
2274869
1488570
742345
444324
1568482
1143422
633172
556624
556622
550319
550317
550315
904332
904326
498932
498931
1334395
1334394
1334393
12817
12815
