700275385
700275383
566553518
566553514
564614069
387169543
387169542
387169541
387169540
387169539
387169538
387169537
387169536
387169535
387169534
387169533
387169532
387169531
387169530
387169529
387169528
403311058
403311056
403311054
403311052
403311050
51103329
58339137
51103305
3421180
3421144
3366926
12002375
12002361
7798642
7798630
6684410
6684409
6684353
6684352
239812450
239812442
34013893
34013892
34013891
34013890
34013889
34013888
34013887
34013886
34013885
225322754
89077598
89077594
82749771
82749770
82749769
82749768
82749767
82749766
82749765
82749764
82749763
82749762
