3914542
612176243
551364039
551364038
557477953
557477951
557477949
545910365
545910363
545910361
510101914
510101913
387865749
387865585
387865439
410926833
410926829
410926827
345421697
237512195
7107266
7107264
7107262
7107260
7107258
7107256
7107254
237512199
237512197
374095598
374095596
374095594
374095592
364506555
344330786
55419813
55419811
212902139
212901963
212901270
212896634
166919273
166919271
162405456
162405454
162405377
162405375
289586046
289586044
289586042
283854446
282935969
14348855
34391953
3114765
99875
99874
18157255
18157253
