674214936
674214934
404363560
404363558
404363556
404363554
404363552
404363550
404363548
404363546
404363530
404363528
404363526
404363524
404363522
404363520
404363518
404363516
404363514
404363512
404363510
404363508
404363506
404363504
404363502
404363500
404363484
404363482
404363480
404363478
404363476
404363474
404363472
404363470
404363452
404363450
404363448
404363446
404363444
404363442
404363426
404363424
404363422
404363420
404363418
404363416
404363414
404363412
404363410
404363408
404363406
404363404
404363402
404363400
404363398
404363396
404363394
404363392
404363390
404363388
404363386
404363384
404363376
404363374
404363372
404363370
404363368
404363366
402479280
402479278
402479276
402479274
402479272
402479270
402479268
402479266
402479250
402479248
402479246
402479244
402479242
402479240
402479238
402479236
402479220
402479218
402479216
402479214
402479212
402479210
402479208
402479206
402479204
402479202
402479200
402479198
402479196
402479194
402479192
402479190
402479188
402479186
402479184
402479182
402479180
402479178
402479176
402479160
402479158
402479156
402479154
402479152
402479150
402479148
399107216
399107214
399107212
399107210
399107208
399107206
399107204
399107202
399107200
399107198
399107196
399107194
399107192
399107190
399107188
399107168
399107166
399107164
399107162
399107160
399107158
399107156
399107154
399107152
399107130
399107128
399107126
399107124
399107122
399107120
399107118
399107116
399107114
399107112
399107110
399107060
399107058
399107056
399107054
399107052
399107050
399107048
399107046
399107044
399107042
399107040
399107038
399107036
399107034
399107032
399107030
399107028
399107026
399107024
399107022
399107020
399107001
399106999
399106997
399106995
399106993
399106991
399106989
399106987
399106985
399106983
399106981
399106979
399106977
399106975
399106973
399106971
397136968
397136966
397136964
397136962
397136960
397136958
397136956
345293847
345293845
345293843
345293841
345293839
345293837
345293775
345293773
345293771
345293727
345293725
345293723
345293721
345293719
345293665
345293663
345293661
345293591
345293589
345293587
345293585
345293583
345293581
345293503
345293501
345293499
345293383
345293381
345293379
345293327
345293325
345293323
345293305
345293303
345293301
345293191
345293189
345293187
345292949
345292947
345292945
345292943
345292941
345292923
345292921
345292919
345292917
345292915
345292913
345292885
345292883
345292881
345292879
345292877
345292875
345292825
345292823
345292821
345292819
345292817
345292815
345292795
345292793
345292791
345292719
345292717
345292715
345292697
345292695
345292693
345292691
345292689
345292639
345292637
345292635
345292633
345292631
345292629
345292571
345292569
345292567
345292565
345292529
345292527
345292525
345292523
345292521
345292519
345292469
345292467
345292465
345292463
345292461
345292459
345292357
345292355
345292353
345292351
345292349
345292347
345292317
345292315
345292313
345292311
345292309
345292307
345292303
345292301
345292299
345292297
345292295
345292293
345292109
345292107
345292105
345292069
345292067
345292065
345291951
345291949
345291947
345291945
345291943
345291887
345291885
345291873
345291871
345291825
345291823
345291821
345291819
345291817
345291815
345291751
345291749
345291747
345291745
345291743
345291741
345291707
345291705
345291673
345291671
345291669
345291667
345291665
345291663
345291631
345291629
345291627
345291625
345291623
345291621
345291573
345291571
345291569
345291567
345291565
345291463
345291461
345291433
345291431
345291429
345291427
345291425
345291397
345291395
345291349
345291347
345291345
345291343
345291341
345291339
345291109
345291107
345291105
345291103
345291029
345291027
345290995
345290993
345290991
345290989
345290987
345290941
345290939
345290937
345290935
345290933
345290913
345290911
345290909
345290907
345290905
345290889
345290887
345290885
345290883
345290881
345290863
345290861
345290859
345290857
345290855
345290845
345290843
345290841
345290839
345290837
345290773
345290771
345290769
345290767
345290765
345290687
345290685
345290683
345290655
345290653
345290651
345290649
345290647
345290645
345290595
345290593
345290591
345290589
345290587
345290585
345290551
345290549
345290547
345290545
345290543
345290541
345290463
345290461
345290459
345290457
345290455
345290359
345290357
345290355
345290125
345290107
345290105
345290103
345290101
345290099
345290085
345290083
345290081
345290079
345290061
345290059
345290057
345290055
345290053
345290051
345289935
345289933
345289931
345289895
345289845
345289843
345289841
345289825
345289823
345289821
345289819
345289817
345289765
345289763
345289761
345289759
345289757
345289755
345289695
345289693
345289691
345289689
345289655
345289653
345289651
345289649
345289647
345289581
345289579
345289577
345289575
345289573
345289571
345289473
345289471
345289469
345289405
345289403
345289295
345289293
345289291
345289289
345289287
345289285
345289269
345289267
345289249
345289247
345289245
345289243
345289241
345289223
345289221
345289155
345289153
345289151
345289149
345289147
345289145
345289109
345289107
345289105
345289043
345289041
345289039
345289037
345289035
345289033
345288977
345288959
345288957
345288955
345288953
345288951
345288949
345288923
345288921
345288919
345288901
345288899
345288897
345288895
345288893
345288859
345288857
345288855
345288853
345288851
345288807
345288805
345288803
345288801
345288799
345288749
345288747
345288745
345288743
345288741
345288739
345288721
345288719
345288717
345288715
345288713
345288551
345288549
345288547
345288545
345288543
345288525
345288523
345288521
345288519
345288517
345288515
345288241
345288239
345288237
345288235
345288233
345288231
85681093
85681091
85665978
85665976
85665936
85665934
341608063
341608061
341608059
341608057
341608055
341608053
341608051
341608049
341608047
341608045
341608043
341608041
341608039
341608037
341608035
341608033
341608031
341608029
341608027
341608025
341608023
341608021
341608019
341608017
341608015
341608013
341608011
341608009
341608007
341608005
341608003
341608001
341607999
341607997
341607995
341607993
341607991
341607989
341607987
341607985
341607983
341607981
341607979
341607977
341607975
341607973
341607971
341607969
341607967
341607965
341607963
341607961
341607959
341607957
341607955
341607953
341607951
341607949
341607947
341607945
341607943
341607941
341607939
341607937
341607935
341607933
341607931
341607929
341607927
341606667
341606665
341606663
341606661
341606659
341606657
341606655
341606653
341606651
341606649
341606647
341606645
341606643
341606641
341606639
341606637
341606635
341606633
341606631
341606629
341606627
341606625
341606623
341606621
341606619
341606617
341606615
341606613
341606611
341606609
341606607
341606605
341606603
341606601
341606599
341606597
341606595
341606593
341606591
341606589
341606587
341606585
341606583
341606581
341606579
341606577
341606575
341606573
341606571
341606569
341606567
341606565
341606563
341606561
341606559
341606557
341606555
341606553
341606551
341606549
341606547
341606545
341606543
341606541
341606539
341606537
341606535
341606533
341606531
341606529
341606527
341606525
341606523
341606521
341606519
341606517
341606515
341606513
341606511
341606509
341606507
341606505
341606503
341606501
341606499
341606497
341606495
341606493
341606491
341606489
341606487
341606485
341606483
341606481
341606479
341606477
341606475
341606473
341606471
341606469
341606467
341606465
341606463
341606461
341606459
341606457
341606455
341606453
341606451
341606449
341606447
341606445
341606443
341606441
341606439
341606437
341606435
341606433
341606431
341606429
341606427
341606425
341606423
341606421
341606419
341606417
341606415
341606413
341606411
341606409
341606407
341606405
341606403
341606401
341606399
341606397
341606395
341606393
341606391
341606389
341606387
341606385
341606383
341606381
341606379
341606377
341606375
341606373
341606371
341606369
341606367
341606365
341606363
341606361
341606359
341606357
341606355
341606353
341606351
341606349
341606347
341606345
341606343
341606341
341606339
341606337
341606335
341606333
341606331
341606329
341606327
341606325
341606323
341606321
341606319
341606317
341606315
341606313
341606311
341606309
341606307
341606305
341606303
341606301
341606299
341606297
341606295
341606293
341606291
341606289
341606287
341606285
341606283
341606281
341606279
341606277
341606275
341606273
341606271
341606269
341606267
341606265
341606263
341606261
341606259
341606257
341606255
341606253
341606251
341606249
341606247
341606245
341606243
341606241
341606239
341606237
341606235
341606233
341606231
341606229
341606227
341606225
341606223
341606221
341606219
341606217
341606215
341606213
341606211
341606209
341606207
341606205
341606203
341606201
341606199
341606197
341606195
341606193
341606191
341606189
341606187
341606185
341606183
341606181
341606179
341606177
341606175
341606173
341606171
341606169
341606167
341606165
341606163
341606161
341606159
341606157
341606155
341606153
341606151
341606149
341606147
341606145
341606143
341606141
341606139
341606137
341606135
341606133
341606131
341606129
341606127
341606125
341606123
341606121
341606119
341606117
341606115
341606113
341606111
341606109
341606107
341606105
341606103
341606101
341606099
341606097
341606095
341606093
341606091
341606089
341606087
341606085
341606083
341606081
341606079
341606077
341606075
341606073
341606071
341606069
341606067
341606065
341606063
341606061
341606059
341606057
341606055
341606053
341606051
341606049
341606047
341606045
341606043
341606041
341606039
341606037
341606035
341606033
341606031
341606029
341606027
341606025
341606023
341606021
341606019
341606017
341606015
341606013
341606011
341606009
341606007
341606005
341606003
341606001
341605999
341605997
341605995
341605993
341605991
341605989
341605987
341605985
341605983
341605981
341605979
341605977
341605975
341605973
341605971
341605969
341605831
341605829
341605827
341605825
341605823
341605821
341605819
341605817
341605815
341605813
341605811
341605809
341605807
341605805
341605803
341605801
341605799
341605797
341605795
341605793
341605791
341605789
341605787
341605785
341605783
341605781
341605779
341605777
341605775
341605773
341605771
341605769
341605767
341605765
341605763
341605761
341605759
341605757
341605755
341605753
341605751
341605749
341605747
341605745
341605743
341605741
341605739
341605737
341605735
341605733
341605731
341605729
341605727
341605725
341605723
341605721
341605719
341605717
341605715
341605713
341605711
341605709
341605707
341605705
341605703
341605701
341605699
341605697
341605695
341605693
341605691
341605689
341605687
341605685
341606815
341606813
341606811
341606809
341606807
341606805
341606803
341606801
341606799
341606797
341606795
341606793
341606791
341606789
341606787
341606785
341606783
341606781
341606779
341606777
341606775
341606773
341606771
341606769
341606767
341606765
341606763
341606761
341606759
341606757
341606755
341606753
341606751
341606749
341606747
341606745
341606743
341606741
341606739
341606737
341606735
341606733
341606731
341606729
341606727
341606725
341606723
341606721
341606719
341606717
341606715
341606713
341606711
341606709
341606707
341606705
341606703
341606701
341606699
341606697
341606695
341606693
341606691
341606689
341606687
341606685
341606683
341606681
341606679
341606677
341606675
341606673
341606671
341606669
341605967
341605965
341605963
341605961
341605959
341605957
341605955
341605953
341605951
341605949
341605947
341605945
341605943
341605941
341605939
341605937
341605935
341605933
341605931
341605929
341605927
341605925
341605923
341605921
341605919
341605917
341605915
341605913
341605911
341605909
341605907
341605905
341605903
341605901
341605899
341605897
341605895
341605893
341605891
341605889
341605887
341605885
341605883
341605881
341605879
341605877
341605875
341605873
341605871
341605869
341605867
341605865
341605863
341605861
341605859
341605857
341605855
341605853
341605851
341605849
341605847
341605845
341605843
341605841
341605839
341605837
341605835
341605833
295831373
295831371
295831369
295831367
295831365
295831363
295831357
295831355
295831353
295831351
295831349
295831345
295831343
295831341
295831339
295831337
295831333
295831331
295831329
295831327
295831325
295831321
295831319
295831317
295831315
295831313
295831311
295831307
295831305
295831303
295831301
295831299
295831297
295831293
295831291
295831289
295831287
295831283
295831281
295831279
295831277
295831275
295831271
295831269
295831267
295831265
295831263
295831259
295831257
295831255
295831253
295831249
295831247
295831245
295831243
295831241
295831237
295831235
295831233
295831231
295831227
295831225
295831223
295831221
295831219
295831217
295831213
295831211
295831209
295831207
295831205
295831201
295831199
295831197
295831195
295831193
295831189
295831187
295831185
295831183
295831181
295831179
295831175
295831173
295831171
295831169
295831167
295831165
295831161
295831159
295831157
295831155
295831153
295831151
295831147
295831145
295831143
295831141
295831139
295831137
295831133
295831131
295831129
295831127
295831123
295831121
295831119
295831117
295831115
295831113
295831109
295831107
295831105
295831103
295831101
295831097
295831095
295831093
295831091
295831089
295831087
295831083
295831081
295831079
295831077
295831075
295831073
295831069
295831067
295831065
295831063
295831061
295831059
295831055
295831053
295831051
295831049
295831047
295831045
295831041
295831039
295831037
295831035
295831031
295831029
295831027
295831025
295831023
295831019
295831017
295831015
295831013
295831011
295831007
295831005
295831003
295831001
295830999
295830997
295830993
295830991
295830989
295830987
295830985
295830983
295830979
295830977
295830975
295830973
295830971
295830967
295830965
295830963
295830961
295830959
295830957
295830953
295830951
295830949
295830947
295830943
295830941
295830939
295830937
295830933
295830931
295830929
295830927
295830925
295830923
295830919
295830917
295830915
295830913
295830911
295830909
295830905
295830903
295830901
295830899
295830895
295830893
295830891
295830889
295830887
295830883
295830881
295830879
295830877
295830875
295830871
295830869
295830867
295830865
295830863
295830859
295830857
295830855
295830853
295830851
295830847
295830845
295830843
295830841
295830839
295830835
295830833
295830831
295830829
295830827
295830823
295830821
295830819
295830817
295830815
295830811
295830809
295830807
295830805
295830803
295830801
295830797
295830795
295830793
295830791
295830789
295830787
295830783
295830781
295830779
295830777
295830775
295830773
295830769
295830767
295830765
295830763
295830761
295830759
295830755
295830753
295830751
295830749
295830747
295830743
295830741
295830739
295830737
295830735
295830733
295830729
295830727
295830725
295830723
295830721
295830719
295830715
295830713
295830711
295830709
295830707
295830705
295830701
295830699
295830697
295830695
295830693
295830691
295830687
295830685
295830683
295830681
295830679
295830675
295830673
295830671
295830669
295830667
295830665
295830661
295830659
295830657
295830655
295830653
295830651
295830647
295830645
295830643
295830641
295830637
295830635
295830633
295830631
295830629
295830627
295830623
295830621
295830619
295830617
295830615
295830611
295830609
295830607
295830605
295830603
295830601
295830597
295830595
295830593
295830591
295830589
295830587
295830583
295830581
295830579
295830577
295830575
295830573
295830569
295830567
295830565
295830563
295830561
295830557
295830555
295830553
295830551
295830549
295830545
295830543
295830541
295830539
295830537
295830533
295830531
295830529
295830527
295830523
295830521
295830519
295830517
295830513
295830511
295830509
295830507
295830505
295830503
295830499
295830497
295830495
295830493
295830489
295830487
295830485
295830483
295830479
295830477
295830475
295830473
295830471
295830467
295830465
295830463
295830461
295830457
295830455
295830453
295830451
295830449
295830447
295830443
295830441
295830439
295830437
295830435
295830431
295830429
295830427
295830425
295830423
295830419
295830417
295830415
295830413
295830409
295830407
295830405
295830403
295830401
295830399
295830395
295830393
295830391
295830389
295830387
295830385
295830381
295830379
295830377
295830375
295830371
295830369
295830367
295830365
295830363
295830359
295830357
295830355
295830353
295830351
295830347
295830345
295830343
295830341
295830339
295830337
295830333
295830331
295830329
295830327
295830325
295830321
295830319
295830317
295830315
295830313
295830309
295830307
295830305
295830303
295830301
295830297
295830295
295830293
295830291
295830289
295830287
295830283
295830281
295830279
295830277
295830275
295830271
295830269
295830267
295830265
295830261
295830259
295830257
295830255
295830253
295830249
295830247
295830245
295830243
295830241
295830239
295830235
295830233
295830231
295830229
295830227
295830225
295830221
295830219
295830217
295830215
295830213
295830211
295830207
295830205
295830203
295830201
295830199
295830197
295830193
295830191
295830189
295830187
295830185
295830183
295830179
295830177
295830175
295830173
295830171
295830169
295830165
295830163
295830161
295830159
295830157
295830153
295830151
295830149
295830147
295830145
295830143
295830139
295830137
295830135
295830133
295830131
295830129
295830125
295830123
295830121
295830119
295830115
295830113
295830111
295830109
295830107
295830103
295830101
295830099
295830097
295830095
295830091
295830089
295830087
295830085
295830083
295830079
295830077
295830075
295830073
295830071
295830069
295830065
295830063
295830061
295830059
295830057
295830055
295830051
295830049
295830047
295830045
295830043
295830041
295830037
295830035
295830033
295830031
295830029
295830025
295830023
295830021
295830019
295830017
295830013
295830011
295830009
295830007
295830003
295830001
295829999
295829997
295829995
295829993
295829989
295829987
295829985
295829983
295829981
295829979
295829975
295829973
295829971
295829969
295829965
295829963
295829961
295829959
295829957
295829953
295829951
295829949
295829947
295829945
295829943
295829939
295829937
295829935
295829933
295829931
295829927
295829925
295829923
295829921
295829919
295829917
295829913
295829911
295829909
295829907
295829905
295829901
295829899
295829897
295829895
295829893
295829889
295829887
295829885
295829883
295829881
295829877
295829875
295829873
295829871
295829869
295829865
295829863
295829861
295829859
295829857
295829855
295829851
295829849
295829847
295829845
295829843
295829841
295829837
295829835
295829833
295829831
295829829
295829825
295829823
295829821
295829819
295829817
295829815
295829811
295829809
295829807
295829805
295829803
295829801
295829797
295829795
295829793
295829791
295829789
295829787
295829783
295829781
295829779
295829777
295829775
295829773
295829769
295829767
295829765
295829763
295829761
295829757
295829755
295829753
295829751
295829749
295829747
295829743
295829741
295829739
295829737
295829735
295829730
295829728
295829726
295829724
295829722
295829720
295829716
295829714
295829712
295829710
295829708
295829704
295829702
295829700
295829698
295829696
295829694
295829690
295829688
295829686
295829684
295829682
295829680
295829676
295829674
295829672
295829670
295829666
295829664
295829662
295829660
295829658
295829656
295829652
295829650
295829648
295829646
295829644
295829642
295829638
295829636
295829634
295829632
295829630
295829628
295829624
295829622
295829620
295829618
295829616
295829612
295829610
295829608
295829606
295829604
295829602
295829598
295829596
295829594
295829592
295829588
295829586
295829584
295829582
295829580
295829578
295829574
295829572
295829570
295829568
295829566
295829564
295829560
295829558
295829556
295829554
295829552
295829550
295829546
295829544
295829542
295829540
295829538
295829534
295829532
295829530
295829528
295829526
295829522
295829520
295829518
295829516
295829514
295829512
295829508
295829506
295829504
295829502
295829500
295829498
295829494
295829492
295829490
295829488
295829486
295829484
295829480
295829478
295829476
295829474
295829472
295829468
295829466
295829464
295829462
295829458
295829456
295829454
295829452
295829450
295829448
295829444
295829442
295829440
295829438
295829436
295829434
295829430
295829428
295829426
295829424
295829422
295829418
295829416
295829414
295829412
295829410
295829406
295829404
295829402
295829400
295829398
295829396
295829392
295829390
295829388
295829386
295829384
295829382
295829378
295829376
295829374
295829372
295829368
295829366
295829364
295829362
295829360
295829356
295829354
295829352
295829350
295829348
295829346
295829342
295829340
295829338
295829336
295829334
295829332
295829328
295829326
295829324
295829322
295829320
295829318
295829314
295829312
295829310
295829308
295829306
295829302
295829300
295829298
295829296
295829294
295829292
295829288
295829286
295829284
295829282
295829280
295829278
295829274
295829272
295829270
295829268
295829264
295829262
295829260
295829258
295829254
295829252
295829250
295829248
295829246
295829242
295829240
295829238
295829236
295829234
295829230
295829228
295829226
295829224
295829222
295829220
295829216
295829214
295829212
295829210
295829208
295829206
295829202
295829200
295829198
295829196
295829194
295829190
295829188
295829186
295829184
295829182
295829178
295829176
295829174
295829172
295829170
295829166
295829164
295829162
295829160
295829158
295829156
295829152
295829150
295829148
295829146
295829144
295829142
295829138
295829136
295829134
295829132
295829130
295829128
295829124
295829122
295829120
295829118
295829116
295829114
295829110
295829108
295829106
295829104
295829102
295829098
295829096
295829094
295829092
295829090
295829088
295829084
295829082
295829080
295829078
295829076
295829074
295829070
295829068
295829066
295829064
295829060
295829058
295829056
295829054
295829052
295829048
295829046
295829044
295829042
295829040
295829036
295829034
295829032
295829030
295829028
295829026
295829022
295829020
295829018
295829016
295829014
295829010
295829008
295829006
295829004
295829002
295829000
295828996
295828994
295828992
295828990
295828988
295828984
295828982
295828980
295828978
295828976
295828974
295828970
295828968
295828966
295828964
295828962
295828960
295828956
295828954
295828952
295828950
295828946
295828944
295828942
295828940
295828938
295828936
295828932
295828930
295828928
295828926
295828924
295828920
295828918
295828916
295828914
295828912
295828908
295828906
295828904
295828902
295828900
295828896
295828894
295828892
295828890
295828888
295828884
295828882
295828880
295828878
295828876
295828874
295828870
295828868
295828866
295828864
295828862
295828860
295828856
295828854
295828852
295828850
295828848
295828844
295828842
295828840
295828838
295828836
295828834
295828830
295828828
295828826
295828824
295828822
295828820
295828816
295828814
295828812
295828810
295828808
295828804
295828802
295828800
295828798
295828796
295828792
295828790
295828788
295828786
295828784
295828782
295828778
295828776
295828774
295828772
295828770
295828766
295828764
295828762
295828760
295828758
295828756
295828752
295828750
295828748
295828746
295828744
295828740
295828738
295828736
295828734
295828732
295828730
295828726
295828724
295828722
295828720
295828716
295828714
295828712
295828710
295828708
295828704
295828702
295828700
295828698
295828696
295828694
295828690
295828688
295828686
295828684
295828682
295828678
295828676
295828674
295828672
295828670
295828668
295828664
295828662
295828660
295828658
295828656
295828654
295828650
295828648
295828646
295828644
295828642
295828638
295828636
295828634
295828632
295828630
295828628
295828624
295828622
295828620
295828618
295828616
295828612
295828610
295828608
295828606
295828604
295828602
295828598
295828596
295828594
295828592
295828590
295828586
295828584
295828582
295828580
295828578
295828576
295828572
295828570
295828568
295828566
295828564
295828562
295828558
295828556
295828554
295828552
295828550
295828548
295828544
295828542
295828540
295828538
295828536
295828534
295828530
295828528
295828526
295828524
295828522
295828520
295828516
295828514
295828512
295828510
295828508
295828506
295828502
295828500
295828498
295828496
295828494
295828490
295828488
295828486
295828484
295828482
295828478
295828476
295828474
295828472
295828468
295828466
295828464
295828462
295828460
295828458
295828454
295828452
295828450
295828448
295828446
295828444
295828440
295828438
295828436
295828434
295828432
295828430
295828426
295828424
295828422
295828420
295828418
295828416
295828412
295828410
295828408
295828406
295828404
295828402
295828398
295828396
295828394
295828392
295828390
295828386
295828384
295828382
295828380
295828378
295828374
295828372
295828370
295828368
295828366
295828362
295828360
295828358
295828356
295828354
295828352
295828348
295828346
295828344
295828342
295828340
295828338
295828334
295828332
295828330
295828328
295828326
295828322
295828320
295828318
295828316
295828314
295828312
295828308
295828306
295828304
295828302
295828300
295828298
295828294
295828292
295828290
295828288
295828286
295828282
295828280
295828278
295828276
295828274
295828272
295828268
295828266
295828264
295828262
295828258
295828256
295828254
295828252
295828250
295828248
295828244
295828242
295828240
295828238
295828234
295828232
295828230
295828228
295828226
295828224
295828220
295828218
295828216
295828214
295828212
295828210
295828206
295828204
295828202
295828200
295828198
295828196
295828192
295828190
295828188
295828186
295828184
295828182
295828178
295828176
295828174
295828172
295828170
295828166
295828164
295828162
295828160
295828158
295828154
295828152
295828150
295828148
295828146
295828142
295828140
295828138
295828136
295828132
295828130
295828128
295828126
295828124
295828120
295828118
295828116
295828114
295828112
295828110
295828106
295828104
295828102
295828100
295828098
295828096
226838100
226838099
226838098
226838097
226838096
226838095
226838094
226838093
226838092
226838091
226838090
226838089
226821381
226821379
226821377
226821375
226821373
226821371
226821369
226821367
226821365
226821313
226821311
226821309
226821307
226821305
226821303
226821301
226821299
226821297
226821295
226821293
226821291
226821289
226821287
226821189
226821187
226821185
226821183
226821181
226821179
226821177
226821175
226821173
226821171
226821169
226821167
226821165
226821163
226821111
226821109
226821107
226821105
226821103
226821101
226821099
226821097
226821095
226821093
226821091
226821089
226821087
226821085
226821033
226821031
226821029
226821027
226821025
226821023
226821021
226821019
226821017
226821015
226821013
226821011
226821009
226821007
226713774
226713772
226713770
226713768
226713766
226713764
226713762
226713760
226713758
226713756
226713754
226713752
226713750
226713748
226713696
226713694
226713692
226713690
226713688
226713686
226713684
226713682
226713680
226713678
226713676
226713674
226713672
226713670
226713597
226713595
226713593
226713591
226713589
226713587
226713585
226713583
226713581
226713579
226713577
226713575
226713573
226713571
226713519
226713517
226713515
226713513
226713511
226713509
226713507
226713505
226713503
226713501
226713499
226713497
226713495
226713493
226713441
226713439
226713437
226713435
226713433
226713431
226713429
226713427
226713425
226713423
226713421
226713419
226713417
226713415
226713355
226713353
226713351
226713349
226713347
226713345
226713343
226713341
226713339
226713337
226713335
226713333
226713331
226713329
226712518
226712516
226712514
226712512
226712510
226712508
226712506
226712504
226712502
226534580
226534578
226534576
226534574
226534572
226534570
226534568
226534566
226534564
226534562
226534560
226534558
226534556
226534504
226534502
226534500
226534498
226534496
226534494
226534492
226534440
226534438
226534436
226534434
226534432
226534430
226534428
226534426
226534424
226534422
226534420
226534418
226534366
226534364
226534362
226534360
226534358
226534356
226534354
226534352
226534350
226534348
226534346
226534344
226534342
226534340
224578769
224578767
224578765
224578763
224578761
224578759
224578757
224578755
224578753
224578751
224578749
224578747
224578745
224578743
224578741
224578713
224578711
224578709
224578707
224578705
224578703
224578701
224578699
224578697
224578695
224578693
224578691
224578689
224578687
224578685
224578683
224578681
224578651
224578649
224578647
224578645
224578643
224578641
224578639
224578637
224578635
224578633
224578631
224578629
224578627
224578625
224578623
224578621
224578619
224578617
224578587
224578585
224578583
224578581
224578579
224578577
224578575
224578573
224578571
224578569
224578567
224578565
224578563
224578561
224578559
224578557
224578531
224578529
224578527
224578525
224578523
224578521
224578519
224578517
224578515
224578513
224578511
224578509
224578507
224578505
224578503
224578475
224578473
224578471
224578469
224578467
224578465
224578463
224578461
224578459
224578457
224578431
224578429
224578427
224578425
224578423
224578421
224578419
224578417
224578415
224578413
224578411
224578409
224578407
224578405
224578403
224578401
224578371
224578369
224578367
224578365
224578363
224578361
224578359
224578357
224578355
224578353
224578351
224578349
224578347
224578345
224578343
224578341
224578339
224578311
224578309
224578307
224578305
224578303
224578301
224578299
224578297
224578295
224578293
224578291
224578289
224578287
224578285
224578283
224578257
224578255
224578253
224578251
224578249
224578247
224578245
224578243
224578241
224578239
224578237
224578235
224578233
224578231
224578215
224578213
224578211
224578209
224578207
224578205
224578203
224578201
224578199
224578197
224578195
224578193
224578191
224578189
224578187
224578185
224578183
224578181
224578179
224578155
224578153
224578151
224578149
224578147
224578145
224578143
224578141
224578139
224578137
224578135
224578123
224578121
224578119
224578117
224578115
224578113
224578111
224578109
224578107
224578105
224578103
224578101
224578099
224578097
224578095
224578093
224578091
224578089
224578087
224578057
224578055
224578053
224578051
224578049
224578047
224578045
224578043
224578041
224578039
224578037
224578035
224578033
224578031
224578029
224578027
224578025
224578023
224578021
224577991
224577989
224577987
224577985
224577983
224577981
224577979
224577977
224577975
224577973
224577971
224577969
224577967
224577943
224577941
224577939
224577937
224577935
224577933
224577931
224577929
224577927
224577925
224577923
224577921
224577919
224577917
224577915
224577913
224577911
224577909
224577881
224577879
224577877
224577875
224577873
224577871
224577869
224577867
224577865
224577863
224577861
224577859
224577857
224577855
224577853
224577851
224577849
224577847
224577845
224577815
224577813
224577811
224577809
224577807
224577805
224577803
224577801
224577799
224577797
224577795
224577793
224577791
224577789
224577787
224577785
224577783
224577781
224577755
224577753
224577751
224577749
224577747
224577745
224577743
224577741
224577739
224577737
224577735
224577733
224577731
224577729
224577727
224577725
224577723
224577721
224577719
224577691
224577689
224577687
224577685
224577683
224577681
224577679
224577677
224577675
224577673
224577671
224577669
224577667
224577665
224577663
224577661
224577631
224577629
224577627
224577625
224577623
224577621
224577619
224577617
224577615
224577613
224577611
224577609
224577607
224577605
224577603
224577601
224577599
224577597
224577567
224577565
224577563
224577561
224577559
224577557
224577555
224577553
224577551
224577549
224577547
224577517
224577515
224577513
224577511
224577509
224577507
224577505
224577503
224577501
224577499
224577497
224577495
224577493
224577491
224577489
224577487
224577485
224577483
224577453
224577451
224577449
224577447
224577445
224577443
224577441
224577439
224577437
224577435
224577433
224577431
224577429
224577427
224577425
224577397
224577395
224577393
224577391
224577389
224577387
224577385
224577383
224577381
224577379
224577377
224577375
224577373
224577371
224577369
224577367
224577365
224577363
224577361
224577359
224577333
224577331
224577329
224577327
224577325
224577323
224577321
224577319
224577317
224577315
224577313
224577311
224577309
224577307
224577305
224577303
224577301
224577299
224577269
224577267
224577265
224577263
224577261
224577259
224577257
224577255
224577253
224577251
224577249
224577223
224577221
224577219
224577217
224577215
224577213
224577211
224577209
224577207
224577205
224577203
224577201
224577199
224577197
224577167
224577165
224577163
224577161
224577159
224577157
224577155
224577153
224577151
224577149
224577147
224577145
224577143
224577141
224577139
224577137
224577135
224577133
224577105
224577103
224577101
224577099
224577097
224577095
224577093
224577091
224577089
224577087
224577085
224577083
224577081
224577079
224577077
224577047
224577045
224577043
224577041
224577011
224577009
224577007
224577005
224577003
224577001
224576999
224576997
224576995
224576993
224576991
224576989
224576987
224576985
224576983
224576953
224576951
224576949
224576947
224576945
224576943
224576941
224576939
224576937
224576935
224576933
224576931
224576929
224576927
224576925
224576923
224576895
224576893
224576891
224576889
224576887
224576885
224576883
224576881
224576879
224576877
224576875
224576873
224576871
224576845
224576843
224576841
224576839
224576837
224576835
224576833
224576831
224576829
224576827
224576825
224576823
224576821
224576819
224576817
224576815
224576813
224576811
224576809
224576779
224576777
224576775
224576773
224576771
224576769
224576767
224576765
224576763
224576761
224576759
224576757
224576755
224576753
224576723
224576721
224576719
224576717
224576715
224576713
224576711
224576709
224576707
224576705
224576703
224576701
224576699
224576697
224576695
224576693
224576663
224576661
224576659
224576657
224576655
224576653
224576651
224576649
224576647
224576645
224576643
224576641
224576639
224576611
224576609
224576607
224576605
224576603
224576601
224576599
224576597
224576595
224576593
224576591
224576589
224576587
224576585
224576583
224576581
224576579
108733749
108733747
108733745
108733743
108733741
108733739
108733737
108733735
171850773
222349928
222349926
222349924
222349922
171850819
171850817
144705037
144705011
104303858
104303856
104303854
104303852
104303850
104303848
