223635791
223635597
223635596
223635595
223635593
223635591
223635588
223635586
223635584
223635583
223635281
223634756
223634751
75303413
75219918
34921349
34921276
30315812
17865469
17367814
12230332
5902705
3915002
3915000
2492515
399333
121145
726973047
672919330
719762909
719762901
719762879
719762869
719762853
719762838
288559134
223635601
223635090
75305887
46396269
38605669
18202534
17373811
3913930
3913929
3913925
548611
223635115
75291821
75098911
73919913
51315714
12643508
11133196
11133019
7387727
3914586
2492504
585749
131926
117513
75098910
223635730
223635092
223634750
698373164
698373159
698373155
698373152
698373151
698373150
698173588
698173586
698173584
698173582
698173580
698173578
698173576
698173574
698173572
698173570
698173568
698173566
218551718
122235310
30315948
205829189
3121848
688010629
688010627
688010625
688010623
688010621
688010619
688010617
688010615
688010613
688010611
688010609
688010607
688010605
688010603
688010601
688010599
688010597
688010595
688010593
688010591
688010579
688010577
688010575
688010573
688010571
688010569
688010567
688010565
688010563
688010561
688010559
688010557
688010555
688010553
688010551
688010548
688010546
688010544
688010542
675145425
675145412
675145398
675145388
675145376
685878658
685241342
685241340
685241338
685241336
685241334
62467830
675895352
675895351
675895350
675895349
675895348
675895347
675895346
675895345
675895344
675895343
675895342
675895341
675895340
675895339
675895338
675895337
675895336
675895335
675895334
675895333
675895332
675895331
675895330
675895329
675895328
675895327
675895326
675895325
675895324
675895323
675895322
675895321
675895320
675895319
675895318
675895317
675895316
675895315
675895314
675895313
675895312
675895311
675895310
675895309
675895308
675895307
675895306
675895305
675895304
675895303
675895302
675895301
675895300
675895299
675895298
675895297
675895296
675895295
675895294
675895293
675895292
675895291
675895290
675895289
675895288
675895287
675895286
675895285
675895284
675895283
675895282
675895281
675895280
675895279
675895278
675895277
675895276
675895275
675895274
675895273
675895272
675895271
675895270
675895269
675895268
675895267
675895266
675895265
675895264
675895263
675895262
675895261
675895260
675895259
675895258
675895257
675895256
675895255
675895254
675895253
675895252
675895251
675895250
675895249
675895248
675895247
675895246
675895245
675895244
675895243
675895242
675895241
675895240
675895239
675895238
675895237
675895236
675895235
675895234
675895233
675895232
675895231
675895230
675895229
675895228
675895227
675895226
675895225
675895224
675895223
675895222
675895221
675895220
675895219
675895218
675895217
675895216
675895215
675895214
675895213
675895212
675895211
675895210
675895209
675895208
675895207
675895206
675895205
675895204
675895203
675895202
675895201
675895200
675895199
675895198
675895197
675895196
675895195
675895194
675895193
675895192
675895191
675895190
675895189
675895188
675895187
675895186
675895185
675895184
675895183
675895182
675895181
675895180
675895179
675895178
675895177
675895176
675895175
675895174
675895173
675895172
675895171
675895170
675895169
675895168
675895167
675895166
675895165
675895164
675895163
675895162
675895161
675895160
675273792
675273790
675273788
675273786
675273784
675118713
528746217
668348064
298353001
667752098
667752097
667752096
667752095
667752094
667752093
667752092
667752091
667752090
667752089
667752088
667752087
667752086
667752085
667752084
667752083
667752082
667752081
667752080
667752079
667752078
667752077
667752076
667752075
667752074
667752073
667752072
667752071
667752070
667752069
667752068
667752067
667752066
667752065
667752064
667752063
667752062
667752061
667752060
667752059
667752058
667752057
667752056
667752055
667752054
667752053
667752052
667752051
667752050
667752049
667752048
667752047
667752046
667752045
667752044
667752043
667752042
667752041
667752040
667752039
667752038
667752037
667752036
667752035
667752034
667752033
667752032
667752031
667752030
667752029
667752028
667752027
667752026
667752025
667752024
667752023
667752022
667752021
667752020
667752019
667752018
667752017
667752016
667752015
667752014
667752013
667752012
667752011
667752010
667752009
667752008
667752007
667752006
667752005
667752004
667752003
667752002
667752001
667752000
667751999
667751998
667751997
667751996
667751995
667751994
667751993
667751992
667751991
667751990
667751989
667751988
667751987
667751986
667751985
667751984
667751983
667751982
667751981
667751980
667751979
667751978
667751977
667751976
667751975
667751974
667751973
667751972
667751971
667751970
667751969
667751968
667751967
667751966
667751965
667751964
667751963
667751962
667751961
667751960
667751959
667751958
667751957
667751956
667751955
667751954
667751953
667751952
667751951
667751950
667751949
667751948
667751947
667751946
667751945
667751944
667751943
667751942
667751941
667751940
667751939
667751938
667751937
667751936
667751935
667751934
667751933
667751932
667751931
667751930
667751929
667751928
667751927
667751926
667751925
667751924
667751923
667751922
667751921
667751920
667751919
667751918
667751917
667751916
667751915
667751914
667751913
667751912
667751911
667751910
667751909
667751908
667751907
667751906
667751904
667751903
667751902
667751901
667751900
667751899
667751898
667751897
667751896
667751895
667751894
667751893
667751892
667751891
667751890
667751889
667751888
667751887
667751886
667751885
667751884
667751883
667751882
667751881
667751880
667751879
667751878
667751877
667751876
667751875
667751874
667751873
667751872
667751871
667751870
667751869
667751868
667751867
667751866
667751865
667751864
667751863
667751862
667751861
667751860
667751859
667751858
667751857
667751856
667751855
667751854
667751853
667751852
667751851
667751850
667751849
667751848
667751847
667751846
667751845
667751844
667751843
667751842
667751841
667751840
667751839
667751838
667751837
667751836
667751835
667751834
667751833
667751832
667751831
667751830
667751829
667751828
667751827
667751826
667751825
667751824
667751823
667751822
667751821
667751820
667751819
667751818
667751817
667751816
667751815
667751814
667751813
667751812
667751811
667751810
667751809
667751808
667751807
667751806
667751805
667751804
667751803
667751802
667751801
667751800
667751799
667751798
667751797
667751796
667751795
667751794
667751793
667751792
667751791
667751790
667751789
667751788
667751787
667751786
667751785
667751784
667751783
667751782
667751781
667751780
667751779
667751778
667751777
667751776
667751775
667751774
667751773
667751772
667751771
667751770
667751769
667751768
667751767
667751766
667751765
667751764
667751763
667751762
667751761
667751760
667751759
667751758
667751757
667751756
667751755
667751754
667751753
667751752
667751751
667751750
667751749
667751748
667751747
667751746
667751745
667751744
667751743
667751742
667751741
667751740
667751739
667751738
667751737
667751736
667751735
667751734
667751733
667751732
667751731
667751730
667751729
667751728
667751727
667751726
667751725
667751724
667751723
667751722
667751721
667751720
667751719
667751718
667751717
667751716
667751715
667751714
667751713
667751712
667751711
667751710
667751709
667751708
667751707
667751706
667674287
667674285
667674283
667674281
667674279
667674277
667674275
659113225
659113201
658115810
658115786
532525103
408368200
641803875
641803874
641803873
641803872
641803871
641803870
641803869
641803868
641803867
641803866
641803865
641803864
641803863
641803862
641803861
641803860
641803859
641803858
641803857
641803856
641803855
641803854
641803853
641803852
641803851
641803850
641803849
641803848
641803847
641803846
641803845
641803844
641803843
641803842
641803841
641803840
641803839
641803838
641803837
641803836
641803835
641803834
641803833
641803832
641803831
641803830
641803829
641803828
641803827
641803826
641803825
641803824
641803823
641803822
641803821
641803820
641803819
641803818
641803817
641803816
641803815
641803814
641803813
641803812
641803811
641803810
641803809
641803808
641803807
641803806
641803805
641803804
641803803
641803802
641803801
641803800
641803799
641803798
641803797
641803796
641803795
641803794
641803793
641803792
641803791
641483949
371538853
371538851
371538849
635207437
333362894
543871473
537363047
355469465
584200851
584200610
584200582
584200552
584200523
584200493
584200472
584200456
584200428
584200395
584200365
584200334
584200306
584200271
584200234
584200203
584200169
584200140
584200110
584200076
584200039
584200012
584199981
614713304
614713302
614713300
614713298
614713296
614713294
614713292
614713290
614713288
472269344
414081638
410947097
406047594
595763571
408368196
586598578
586598576
586598574
586598572
586598570
586598568
586598566
586598564
586598562
586598560
586598558
586598556
586598554
586598552
586598550
586598548
586598546
586598544
586598542
586598540
586598538
586598536
586598534
586598532
586598530
586598528
586598526
586598524
586598522
586598520
586598518
586598516
453056511
298111982
332692978
224808570
224708780
568218899
336318119
392621785
532525105
532525101
532525099
532525097
557674381
378756949
378756947
410728715
410728713
410728711
410728709
410728707
410728705
410728703
410728701
410728699
410728697
410728695
410728651
410728649
410728647
410728645
410728643
410728641
410728639
410728637
410728635
410728633
410728631
410728629
410728627
410728625
410728623
410728621
410728619
410728617
410728615
410728613
410728611
410728609
410728607
410728605
410728603
410728601
410728599
410728597
410728565
404313291
404313217
404313215
404313213
472271622
402240213
402240195
528278495
408368204
408368202
408368198
408368194
305696791
305696789
305696787
305696785
305696783
305696781
305696779
305696777
305696775
305696773
305696771
305696769
305696767
305696765
305696763
305696761
305696759
305696757
305696755
305696753
305696751
305696749
305696747
305696745
305696743
516299495
512772529
442539516
304366638
224708778
224708776
224708774
224708772
224708770
224708768
224708766
224708764
387865759
387865595
387865447
387865345
478430748
478246969
375305110
469608558
469608554
410824585
451328694
222159967
390013398
399153474
399153472
399153470
399153468
399153466
399153464
399153462
399153460
399153458
399153456
399153454
399153452
399153450
399153448
399153446
399153444
399153442
399153440
399153438
399153436
399153434
399153432
399153430
399153428
399153426
399153424
399153422
399153420
399153418
399153416
399153414
399153412
399153410
399153408
399153406
399153404
399153402
399153400
399153398
399153396
399153394
399153392
399153390
399153388
399153386
399153384
399153382
399153380
399153378
399153376
399153374
399153372
399153370
399153368
399153366
399153364
399153362
399153360
399153358
399153356
399153354
399153352
399153350
399153348
399153346
399153344
399153342
399153340
384111000
390013400
85700979
425764776
384113234
407930087
407930085
407930083
407930081
407930079
407930077
407930075
407930073
407930071
407079909
407079905
407079901
407079897
407079895
407079892
407079890
407079886
407079884
407079882
407079880
407079876
407079873
418205312
418205310
418205308
418205270
418205268
418205266
418205228
418205226
418205224
410443182
390098826
390098824
390098822
390098820
390098816
390098814
12084608
12084607
47169164
47169163
390098818
404474589
404474588
404474587
404474586
404474585
404474584
404474583
404474582
404474581
404474580
404474579
404474578
404474577
404474576
404474575
404474574
404474573
404474572
404474571
404474570
404474569
404474568
404474567
404474566
404474565
404474564
404474563
404474562
404474561
404474560
404474559
404474558
404474557
404474556
404474555
404474554
404474553
404474552
404474551
404474550
404474549
404474548
404474547
404474546
404474545
404474544
404474543
404474542
404474541
404474540
404474539
404474538
404474537
404474536
404474535
404474534
404474533
404474532
404474531
404474530
404474529
404474528
404474527
404474526
404474525
404474524
404474523
404474522
404474521
404474520
404474519
404474518
404474517
404474516
404474515
404474514
404474513
404474512
404474511
404474510
404474509
404474508
404474507
404474506
404474505
404474504
385214961
384595765
384595763
384595761
384595759
384595757
384595755
384585971
384585969
384585967
384585965
384585963
400115830
400115810
401065996
401065995
401065994
401065993
401065992
401065991
401065990
401065989
401065988
401065987
401065986
401065985
401065984
401065983
401065982
401065981
401065980
401065979
401065978
401065977
401065976
401065975
401065974
401065973
401065972
401065971
401065970
401065969
401065968
401065967
401065966
401065965
401065964
401065963
401065962
401065961
401065960
401065959
401065958
401065957
401065956
401065955
401065954
401065953
401065952
401065951
401065950
401065949
401065948
401065947
401065946
401065945
401065944
401065943
401065942
401065941
401065940
401065939
401065938
401065937
401065936
401065935
401065934
401065933
401065932
401065931
401065930
401065929
401065928
401065927
401065926
401065925
401065924
401065923
401065922
401065921
401065920
401065919
401065918
401065917
401065916
401065915
401065914
401065913
401065912
401065911
381149247
381149245
393718029
390627543
307557806
307557804
390098349
390098347
390098345
385653743
385653727
385653713
385653667
385653663
385653657
385145186
328879894
347309355
342918588
345776376
379046719
165928947
111052769
90308253
22656382
22324574
22324572
11321159
7542604
317160885
312261114
312261112
359828295
359828293
359828291
359828289
359828287
359828285
359828283
359828281
359828279
359828277
359828275
359828273
359828271
359828269
359828267
359828265
359828263
327365900
345547469
93141134
93102520
92429532
92429036
44890233
298257683
339899780
305861129
304442676
332002224
332002222
325469507
325469505
325469503
326581983
326581981
326418056
156628772
325301617
307557075
295407899
315440801
315440799
58201438
313929640
9885806
3641355
171903868
284931843
255684832
194360278
190403695
163311884
163311882
163311880
163311878
163311876
163311874
163311872
163311870
163311868
163311866
163311864
163311862
163311860
163311858
163311856
157741811
157741809
124264137
118341312
118341310
118341307
118341305
118341302
118341300
118341298
118341295
118341293
118341291
118341289
118341287
118341285
118341283
118341281
118341279
118341277
118341275
118341273
118341271
118341269
118341267
118341265
118341263
118176035
111052771
303306207
299891471
283825463
261351266
261351264
257420290
257420288
124264063
124264061
124264058
124264056
124264053
124264051
124264049
124264047
124264045
124264043
124264041
124264038
124264036
124264034
40287516
40287502
34391661
28628595
21780334
311813549
310696633
310696631
310645226
308229874
218944249
307543586
306846440
45356812
134252250
134252248
134252244
72172193
151933914
255764587
217030885
300653596
300649068
300644285
300633079
300579337
300562765
300555307
300546219
300540367
300540353
296278640
296278638
296278636
296278634
296278632
296278630
296278628
296278626
296278624
296278622
296278620
296278618
296278616
296278614
55824327
50236424
49240345
47558819
46452120
46399235
45861743
42795347
42561972
40748267
40748265
40647095
40556671
40353325
40353323
40287564
40287562
40287560
40287558
40287556
40287554
40287552
40287550
40287548
40287546
40287544
40287542
40287536
40287534
40287532
40287528
40287526
40287524
40287518
40287514
40287512
40287510
40287508
40287506
40287504
40287500
40287498
40287496
40287494
40287492
40287490
40287488
40287486
40287484
40287482
40287480
40287478
40287476
40287472
40287470
40287468
40287466
40287464
39598906
38565051
38565049
38565047
38565043
37953301
13183706
1857714
1835521
1272340
44894088
298507891
298554836
298201206
298111984
125489263
268638403
91983616
296245406
290784293
290784291
296278667
296278665
296278663
296278661
296278659
296278657
296278655
296278653
296278651
296278649
296278647
296278645
296278643
296245403
295421073
295415438
145839451
260907734
1881846
1176437
1000394
291048214
77641117
77641115
77641113
77641111
77641108
77641106
77641100
77641098
77641096
77641094
77641087
77641085
77641083
77641080
77641077
77641073
77641069
77641067
77641065
77641063
77641061
77641059
77641056
77641054
77641052
226440555
225391056
225391054
225391052
225391050
225391048
225391046
225391044
225391042
225391040
225391038
222820582
222820580
222820578
222820576
222159961
170525170
169930149
169930147
169930144
166080331
157688071
157688069
157688067
157687957
157687955
157687953
157687951
157687949
157687947
157411019
157411015
157411013
157410995
157410993
157410991
157410989
157410987
157410985
157410983
157410979
157410977
157410959
157410957
157410955
157410953
157410951
157410949
156617877
156617875
156617873
156617861
156617859
156617857
156617855
156617791
156617789
148611499
110555353
110555351
56549249
56549235
56549233
56549227
44717048
37955176
37954364
37910167
37905913
37904866
37147908
37147896
37147886
34558777
33771372
33413581
32709124
31616519
30421060
28627544
28627542
25183140
25176246
25176244
25176242
24061762
23507177
23499328
23499326
23499324
23499322
23499320
22656384
22415746
22324586
22324583
22324581
22324579
22324577
22324566
22324563
21326137
20067024
19387300
18654477
18033109
17887381
17066707
17066705
17066703
16797908
15212228
15081594
14518447
14280354
13560653
13506711
13160653
12003968
12003966
12003964
11321164
11321161
9937103
9885808
8925323
8574457
8574455
7542609
7542607
7542602
7542600
7542598
7542596
6984122
6980084
6969391
6752907
6739506
6694971
6684055
6684053
6684051
6651033
6648996
6648990
6648988
6648986
6648977
6648975
6648973
6644410
6601331
6601329
6601327
6552502
5823249
5739347
5714686
5714684
4704615
4426953
4336999
4104816
3152717
3152715
3108343
2911292
2746721
2746719
2745898
2687665
2305109
1791352
93141184
93141168
93009065
93004433
92429566
92429511
17385932
17385930
17385928
17385926
17385924
90658395
289629434
226320283
283766073
283806155
283049930
264820947
264820921
257831447
257831445
257831443
257831441
257831439
257831437
257831435
257831433
257831431
257831429
257831427
239949626
238909249
238909247
238909245
222080625
193290730
193290728
193290726
193290724
193290722
193290720
193290718
193290716
193290714
193290712
193290710
193290708
193290706
193290704
193290702
193290700
193290698
193290696
193290694
193290692
193290690
193290688
193290686
193290684
193290682
193290680
193290678
193290676
193290674
193290672
193290670
193290668
193290666
193290664
193290662
193290660
193290658
193290656
193290654
193290652
193290650
193290648
164698852
82734828
76884939
51980753
134254870
134254868
134254866
134254864
134254862
134254860
134254858
134254856
134254854
134254852
133907541
254762128
224713825
224713823
222159969
145388977
145388968
112443176
109900626
93115317
90656520
90656518
90656516
85700228
77999786
76097531
73811195
71724858
71064054
66775073
66775071
62956614
62956612
62956610
62956608
62956606
62467587
60459407
60459401
60459399
60459393
60459389
60459385
60459381
60459379
60459377
60459367
59797384
245313
33331578
33320073
33320067
32330890
32330888
32330886
32330884
27762607
21326139
20149064
20149062
20149060
20149058
20149056
20149054
20149052
20149050
20149048
20149046
20149044
18478476
18033739
18033737
16303746
16303744
15419836
15077767
15077711
13936236
13752562
13752560
13195324
13195322
58200407
58200405
57233056
55824325
50363166
45775508
45551629
44662784
42564093
40950475
40950473
40950471
40794501
40794499
40794497
40287570
40287568
40287540
40287538
40287530
40287522
40287520
40287474
40287462
38683264
37781568
34809431
34809429
34809427
8925321
7739434
7643796
7643794
7643792
7643790
7643788
66279530
60459375
41059804
259694021
259691439
259659651
259464659
259462078
259462064
259454202
259431728
259430845
259426370
257745230
257743887
257743407
257743274
257742351
257741112
257741110
257741108
257741106
257740094
257738654
257738472
257738138
257737246
257737082
257736868
257736356
257735048
257732932
257732638
257731494
257730874
257729582
257729476
257729145
257727941
257727237
257726007
257725995
257725521
257725205
257725157
257724795
257724667
257723727
257719419
257718897
257711783
257711615
257709051
257707644
257707596
257707528
257704072
257703388
257697774
257696350
257696096
257693102
257692422
257687577
257687435
257687141
257687129
257686669
257684085
257682264
257679773
257679771
257678813
257675705
257675605
257675603
257671196
257670650
257668541
257665150
257664246
257663964
257663548
257663536
257662118
257657243
257657065
257656181
257653941
257653813
257651399
257649720
257648264
257647018
257646890
257646298
257646202
257645150
257643800
257643744
257643696
257643596
257641692
257635822
257634846
257634264
257634136
257633928
257633712
257633664
257632841
257630251
257630239
257629201
257627407
257627405
257624171
257352334
257343219
257337112
257323551
257322661
257321225
257310314
257299301
257296491
257357158
257354538
257352639
257351290
257350468
257347073
257346346
257344529
257342105
257342097
257342002
257341010
257340710
257339413
257339100
257338972
257338460
257335910
257335782
257330817
257330375
257330247
257329529
257327659
257327215
257322252
257322152
257322150
257320094
257320092
257320090
257320088
257309806
257309320
257302765
257302517
257300791
257300321
257292316
257292314
257292312
257292310
257287414
257287286
257286828
257286408
257286360
254998352
215398158
219560134
237639900
227905182
227905174
227467174
227305378
227258499
227247920
227247666
226938127
226883864
223638886
222822564
222159965
222159963
221158268
86169480
47558817
219990473
207083723
50363168
45861745
219985226
219983342
219980414
219979658
219979646
219977994
219977264
219976723
219975532
219974642
219974209
219973860
219970600
219969653
219967365
219965245
219942540
219941763
219939784
219937453
219935844
219935598
219935197
219934536
219934524
219931840
219931712
219928863
219927304
219927158
219927146
219926063
219925327
219925227
219924855
219923834
219922882
219922416
219922414
219920094
219917456
219917328
219916092
219914184
219913196
219913148
219913048
219910927
219907735
219907355
219906991
219904771
219904337
219904335
219904333
219904331
219903315
219902655
219901919
219900275
219899457
219899293
219898853
219898155
219897676
219897118
219896990
219896884
219895413
219895157
219893854
219893108
219892980
219892084
219891370
219890856
219890444
219804416
219804123
219803169
219802998
219800825
219799909
219799780
219799558
219799028
219798980
219798192
219791893
219789301
219789173
219788450
219787459
219787359
219787357
219785743
219780184
219777519
219776904
219776776
219770199
219769679
219765680
219765028
219764400
219763416
219761155
219757819
219752897
219751221
219749706
219748266
219748138
219747944
219743218
219742832
219741698
219741008
219740140
219737056
219736615
219735601
219735599
219735597
219735595
219735053
219734341
219732810
219732682
219731076
219729422
219728852
219727938
219727750
219726620
219726618
219726616
219726614
219725844
219725180
219725172
218409333
218409323
134252246
213509727
209978913
209360979
71143481
121551091
121551087
207008884
156152082
193506912
85740435
162135178
163955602
124507395
157087398
189310628
189310626
187438931
187438929
46095233
186702035
93115319
183447473
156938977
156938975
156938973
170676258
170676256
170676254
170676252
170676250
170676248
170676246
170676244
170676242
170676240
170676238
170676236
170947249
170792414
169930141
169930138
169930135
145025422
121483692
165928945
165928943
164666156
123217734
113129056
159232312
94962424
158851517
158851513
158635883
158147061
158147060
158147058
93212583
110293351
110617818
110617816
148562445
148562441
110631514
146747227
110348876
104304211
104304209
145049810
78482998
89257970
73427210
71724860
60459371
124389898
119675117
119391875
72534134
71534704
26986729
6179388
4006974
3979715
3687297
2980832
1296480
1200228
1171503
1167467
860903
642975
117607073
117607071
117607069
117607067
117607065
116672840
116488379
115371812
60459369
114384147
85700232
111052773
83690901
109693029
60459373
71897452
67005949
67005947
67005945
67005943
67005941
89258368
67003511
68342516
62467589
60265081
84875003
59805085
83658836
71724856
56412247
56412245
56412243
56412241
60459405
60459403
60459397
60459395
60459391
81687110
81374172
80975780
80975778
80975674
78925747
78925716
78925685
60459387
60459383
60617257
77745528
74096728
1071660
1006636
1006634
1006632
4376224
415734
58982624
68342514
13374077
5912543
67003513
66775075
66279528
62910196
3559814
1669660
1655547
1655545
1655543
1491641
1402947
1292710
1247397
1050443
929013
804973
17944
62467832
45771829
18072805
18072803
18072801
18072799
18072797
18072795
16609959
16555785
3928134
3808101
3549695
58201894
58200403
58397708
54111247
1673406
40287566
39646894
39646892
30424353
19570830
3559816
6899972
13121545
13121543
11079188
6006401
4375838
1279231
3242079
2956717
2956671
1587918
1583601
999441
840729
643094
522120
468748
460761
433994
17951
