403399488
288561996
288561926
226741329
224493273
223635688
223635370
223635052
223635008
221272417
221272366
221272314
221272276
221272232
221222626
218546905
218546839
218527885
218527820
218527804
218526541
215275708
215275551
215275489
215275434
215275036
215274992
215274893
215274784
215274736
212288463
212288122
212277066
212277044
212277035
209573640
205831431
205831420
205829321
205690450
205412850
193806417
193806221
193805979
190360053
190358275
190358243
187608857
146286071
75299422
12230571
2507252
1709576
1709574
1708872
129614
221271821
720066268
720066267
257096376
3121859
700259021
700258911
700258801
700258695
700258591
700258483
700258375
700258267
700258153
700258043
700257931
700257829
700257717
700257607
700257497
700257387
700257277
700257179
700257085
700256982
700256872
700256763
700256657
700256542
700256432
700256228
700256122
700256011
700255901
700255789
700255683
700255579
700255465
700255240
700255149
700254825
700254614
700254502
700254388
700254278
700254164
700254062
700253952
700253846
700253526
700253420
700253306
700253192
700253084
700252973
700252861
2497906
129613
669131696
1566700
630375299
630375297
612164031
443194
602753866
409153893
444436616
576746202
576746172
550545173
550545172
550545171
404331942
530341562
530341561
530341560
530341559
530341558
530341557
425872880
409153845
410108803
410108801
410108799
410108797
530669037
401787095
401787093
401786958
401786956
514055777
514055775
514055773
514055771
355333053
355333052
355333051
355333050
425872890
409153854
478225806
425872892
425872888
425872886
425872884
425872882
425872878
425872876
425872874
425872872
425872870
425872867
425872865
425872863
157884465
157831961
1311024
34809608
112491423
195927482
195927481
157833550
116667137
116667136
433552114
443181
429125383
429125382
428698030
428698029
404312775
404312774
401710524
401710522
401710520
401710518
401710516
401710514
401710512
401710510
401710508
401710506
401710504
401710502
401710500
401710498
401710496
401710494
401710492
401710490
401710488
401710486
401710484
401710482
401710480
401710478
401710476
401710474
401710472
401710470
401710468
401710466
401710464
401710462
401710460
401710458
401710456
401710454
401710452
401710450
401710448
401710446
401710444
401710442
401710440
401710438
401710436
401710434
401710432
401710430
401710428
401710426
401710424
401710422
401710420
401710418
401710416
401710414
401710412
401710410
401710408
401710406
401710404
401710402
401710400
401710398
401710396
401710394
401710392
401710390
401710388
401710386
401710384
401710382
401710380
401710378
401710376
401710374
401710372
401710370
401710368
401710366
401710364
401710362
401710360
401710358
401710356
401710354
401710352
401710350
401710348
401710346
401710344
401710342
401710340
401710338
401710336
401710334
401710332
401710330
401710328
401710326
401710324
401710322
401710320
401710318
401710316
401710314
401710312
401710310
401710308
401710306
401710304
401710302
401710300
401710298
401710296
401710294
401710292
401710290
401710288
401710286
401667337
401667335
401667333
401667331
401667329
401667327
401667325
401667323
401667321
401667319
401667317
401667315
401667313
401667311
401667309
401667307
401667305
401667303
401667301
401667299
401667297
401667295
401667293
401667291
401667289
401667287
401667285
401667283
401667281
401667279
401667277
401667275
401667273
401667271
401667269
401667267
401667265
401667263
401667261
401667259
401667257
401667255
401667253
401667251
401667249
401667247
401667245
401667243
401667241
401667239
401667237
401667235
401667233
401667231
401667229
401667227
401667225
401667223
401667221
401667219
401667217
401667215
401667213
401667211
401667209
401667207
401667205
401667203
401667201
401667199
401667197
401667195
401667193
401667191
401667189
401667187
401667185
401667183
401667181
401667179
401667177
401667175
401667173
401667171
401667169
401667167
401667165
401667163
401667161
401667159
401667157
401667155
401667153
401667151
401667149
401667147
401667145
401667143
401667141
401667139
401667137
401667135
401667133
401667131
401667129
401667127
401667125
401667123
401667121
401667119
401667117
401667115
401667113
401667111
401667109
401667107
401667105
401667103
401667093
401667091
401667089
401667087
401667085
401667083
401667081
401667079
401667077
401667075
401667073
401667071
401667069
401667067
401667065
401667063
401667061
401667059
401667057
401667055
401667053
401667051
401667049
401667047
401667045
401667043
401667041
401667039
401667037
401667035
401667033
401667031
401667029
401667027
401667025
401667023
401667021
401667019
401667017
401667015
401667013
401667011
401667009
401667007
401667005
401667003
401667001
401666999
401666997
401666995
401666993
401666991
401666989
401666987
401666985
401666983
401666981
401666979
401666977
401666975
401666973
401666971
401666969
401666967
401666965
401666963
401666961
401666959
401666957
401666955
401666953
401666951
401666949
401666947
401666945
401666943
401666941
401666939
401666937
401666935
401666933
401666931
401666929
401666927
401666925
401666923
401666921
401666919
401666917
401666915
401666913
401666911
401666909
401666907
401666905
401666903
401666901
401666899
401666897
401666895
401666893
401666891
401666889
401666887
401666885
401666883
401666881
401666879
401666877
401666875
401666873
401666871
401666869
401666867
401666865
401666863
401666861
401666859
399934422
399934420
399934418
399934416
399934414
399934412
399934410
399934408
399934406
399934404
399934402
399934400
399934398
399934396
399934394
399934392
399934390
399934388
399934386
399934384
399934382
399934380
399934378
399934376
399934374
399934372
399934370
399934368
399934366
399934364
399934362
399934360
399934358
399934356
399934354
399934352
399934350
399934348
399934346
399934344
399934342
399934340
399934338
399934336
399934334
399934332
399934330
399934328
399934326
399934324
399934322
399934320
399934318
399934316
399934314
399934312
399934310
399934308
399934306
399934304
399934302
399934300
399934298
399934296
399934294
399934292
399934290
399934288
399934286
399934284
399934282
399934280
399934278
399934276
399934274
399934272
399934270
399934268
399934266
399934264
399934262
399934260
399934258
399934256
399934254
399934252
399934250
399934248
399934246
399934244
399934242
399934240
399934238
399934236
399934234
399934232
399934230
399934228
399934226
399934224
399934222
399934220
399934218
399934216
399934214
399934212
399934210
399934208
399934206
399934204
399934202
399934200
399934198
399934196
399934194
399934192
399934190
399934188
399934186
399934184
399934170
399934168
399934166
399934164
399934162
399934160
399934158
399934156
399934154
399934152
399934150
399934148
399934146
399934144
399934142
399934140
399934138
399934136
399934134
399934132
399934130
399934128
399934126
399934124
399934122
399934120
399934118
399934116
399934114
399934112
399934110
399934108
399934106
399934104
399934102
399934100
399934098
399934096
399934094
399934092
399934090
399934088
399934086
399934084
399934082
399934080
399934078
399934076
399934074
399934072
399934070
399934068
399934066
399934064
399934062
399934060
399934058
399934056
399934054
399934052
399934050
399934048
399934046
399934044
399934042
399934040
399934038
399934036
399934034
399934032
399934030
399934028
399934026
399934024
399934022
399934020
399934018
399934016
399934014
399934012
399934010
399934008
399934006
399934004
399934002
399934000
399933998
399933996
399933994
399933992
399933990
399933988
399933986
399933984
399933982
399933980
399933978
399933976
399933974
399933972
399933970
399933968
399933966
399933964
399933962
399933960
399933958
399933956
399933954
399933952
399933950
399933948
399933946
399933944
399933942
399933940
399933938
399933936
399933934
399933932
399933918
399933916
399933914
399933912
399933910
399933908
399933906
399933904
399933902
399933900
399933898
399933896
399933894
399933892
399933890
399933888
399933886
399933884
399933882
399933880
399933878
399933876
399933874
399933872
399933870
399933868
399933866
399933864
399933862
399933860
399933858
399933856
399933854
399933852
399933850
399933848
399933846
399933844
399933842
399933840
399933838
399933836
399933834
399933832
399933830
399933828
399933826
399933824
399933822
399933820
399933818
399933816
399933814
399933812
399933810
399933808
399933806
399933804
399933802
399933800
399933798
399933796
399933794
399933792
399933790
399933788
399933786
399933784
399933782
399933780
399933778
399933776
399933774
399933772
399933770
399933768
399933766
399933764
399933762
399933760
399933758
399933756
399933754
399933752
399933750
399933748
399933746
399933744
399933742
399933740
399933738
399933736
399933734
399933732
399933730
399933728
399933726
399933724
399933722
399933720
399933718
399933716
399933714
399933712
399933710
399933708
399933706
399933704
399933702
399933700
399933698
399933696
399933694
399933692
399933690
399933688
399933686
399933684
399933682
399933656
399933654
399933652
399933650
399933648
399933646
399933644
399933642
399933640
399933638
399933636
399933634
399933632
399933630
399933628
399933626
399933624
399933622
399933620
399933618
399933616
399933614
399933612
399933610
399933608
399933606
399933604
399933602
399933600
399933598
399933596
399933594
399933592
399933590
399933588
399933586
399933584
399933582
399933580
399933578
399933576
399933574
399933572
399933570
399933568
399933566
399933564
399933562
399933560
399933558
399933556
399933554
399933552
399933550
399933548
399933546
399933544
399933542
399933540
399933538
399933536
399933534
399933532
399933530
399933528
399933526
399933524
399933522
399933520
399933518
399933516
399933514
399933512
399933510
399933508
399933506
399933504
399933502
399933500
399933498
399933496
399933494
399933492
399933490
399933488
399933486
399933484
399933482
399933480
399933478
399933476
399933474
399933472
399933470
399933468
399933466
399933464
399933462
399933460
399933458
399933456
399933454
399933452
399933450
399933448
399933446
399933444
399933442
399933440
399933438
399933436
399933434
399933432
399933430
399933428
399933426
399933424
399933422
399933420
399933418
399933396
399933394
399933392
399933390
399933388
399933386
399933384
399933382
399933380
399933378
399933376
399933374
399933372
399933370
399933368
399933366
399933364
399933362
399933360
399933358
399933356
399933354
399933352
399933350
399933348
399933346
399933344
399933342
399933340
399933338
399933336
399933334
399933332
399933330
399933328
399933326
399933324
399933322
399933320
399933318
399933316
399933314
399933312
399933310
399933308
399933306
399933304
399933302
399933300
399933298
399933296
399933294
399933292
399933290
399933288
399933286
399933284
399933282
399933280
399933278
399933276
399933274
399933272
399933270
399933268
399933266
399933264
399933262
399933260
399933258
399933256
399933254
399933252
399933250
399933248
399933246
399933244
399933242
399933240
399933238
399933236
399933234
399933232
399933230
399933228
399933226
399933224
399933222
399933220
399933218
399933216
399933214
399933212
399933210
399933208
399933206
399933204
399933202
399933200
399933198
399933196
399933194
399933192
399933190
399933188
399933186
399933184
399933182
399933180
399933178
399933176
399933174
399933172
399933170
399933168
399933166
399933164
399933162
372100016
371436991
157833553
327387767
157837114
157836979
301015835
301015834
288965487
288965485
222143126
157880150
157835640
157834287
157833554
157833552
157833459
157830437
157830422
109157325
34809610
10120627
2098466
2098465
2098464
157879620
346722691
346683115
346683114
346683113
346683112
346642643
346642642
257165028
254033620
254033619
247589125
224020987
224020986
224020984
224020983
224020981
224020980
224020979
224020978
224020977
224020976
224020975
224020974
224020973
224020971
224020970
224020968
224020966
224020965
224020963
224020962
224020960
224020959
224020958
224020956
224020955
224020954
224020953
224020951
171259360
167391868
167391867
167391866
167391865
167391864
167391863
167391862
167391861
167391860
167391859
167391858
167391857
167391856
167391855
167391854
167391853
167391852
167391851
167391850
167391849
167391848
167391847
167391846
167391845
167391844
167391843
167391842
167391841
167391840
167391839
167391838
167391837
167391836
167391835
167391834
167391833
167391832
167391831
167391830
167391829
167391828
167391827
167391826
167391825
167391824
167391823
167391822
167391821
167391820
167391819
167391818
167391817
167391816
167391815
167391814
167391813
167391812
167391811
167391810
167391809
167391808
167391807
167391806
167391805
167391804
167391803
167391802
167391800
167391799
167391798
167391797
167391796
167391795
167391794
167391793
167391792
167391791
167391790
167391789
167391788
167391787
167391786
167391785
384589635
384589633
384589631
384589629
384589627
384589625
384581989
384581987
384581985
384581983
384581981
384581979
400180216
400180214
400180210
302748142
198075762
198075760
197282461
195982689
186920264
164522086
164522085
164522084
164522082
164522081
164522080
164522079
62869849
45160136
374713651
374713649
374256641
374256639
374256637
373879866
373879853
312234403
312200981
291147676
291147675
291147674
257057918
256535772
253510065
251770801
243010640
170522399
170522398
170522396
170522395
170522393
170522392
170522391
170522390
170522389
170522388
170522387
170522386
170522385
170522383
170522382
170522380
170522379
170522378
170522377
170522375
170522374
170522372
170522371
170522370
170522368
170522367
170522366
170522365
170522363
157690060
157689664
157689663
157689662
157689661
157689438
157689250
356640762
317185570
317185568
354464679
354464677
354464675
354464673
354464671
54111968
302748623
302747380
160690294
15340924
343098421
343098419
341575696
340806788
340806787
340806786
340806785
340806784
340806783
340806782
333069454
256808979
256808977
256808975
325461582
325461580
226295512
318055989
318055987
318055985
30016922
297613682
297242519
297242517
297242515
258640142
258640140
258640138
258640136
251829631
237899470
221706340
198246566
198246564
186461094
312164247
302747762
23429644
22297069
310007373
308154468
309296913
309296911
308737315
226973436
226973430
308737313
306438563
306417105
300249659
52546943
52546941
52546939
52546937
52546935
52546933
51572705
51243482
51243480
42491585
42491583
40362875
38426491
4090535
4090533
1369765
1369763
349421
167391
45331147
296512622
296511009
233955399
292698371
290586160
224460417
45775522
45018114
42559417
37933812
22774026
18762654
18478480
17224932
16225882
16225878
11935116
7595984
5823470
5823468
5802674
4063538
3869280
3421138
3342798
33326557
288930348
285020654
285020572
224831511
224831509
224831507
224831505
224552368
224038406
261532840
227053577
66864715
238835223
238835221
187711821
166344195
166344194
166344193
166344192
166344191
166344190
166344189
166344188
166344187
166344186
166344185
166344184
166344183
166344182
166344181
166344180
166344179
166344178
166344177
166344176
166344175
166344174
166344173
166344172
166344171
166344170
166344169
166344168
166344167
166344166
166344165
166344164
166344163
166344162
166344161
166344160
166344159
166344158
166344157
166344156
166344155
166344154
166344153
166344152
166344151
166344150
166344149
166344148
166344147
166344146
166344145
166344144
166344143
166344142
166344141
166344140
166344139
166344138
166344137
166344136
166344135
166344134
166344133
166344132
166344131
166344130
166344129
166344128
166344127
166344126
166344125
166344124
166344123
166344122
166344121
166344120
166344119
166344118
166344117
166344116
166344115
166344114
166344113
166344112
77176929
271278821
14211818
14029149
56068235
52839961
52839959
52839957
52839955
52547361
50513051
38639431
3388167
2130615
93278398
257725907
257710525
257709605
257687041
257663448
257630151
257342341
257291460
257291270
233955417
227937306
227053553
227053532
218157748
218157747
218157746
225624819
221329560
219979558
219941675
219931443
219927058
219798656
219798466
219768109
219767919
219725416
76262827
218963101
218533669
218139561
218139559
187942348
187942346
187942344
147868423
147868421
147868419
152926166
152926165
152926164
152926162
152926161
152926160
152926158
152926156
152926155
152926154
152926153
151347494
151347492
151347490
151347488
151347486
151347477
151347475
151347473
157674589
157674587
150251585
7413856
7413854
110348215
109944043
109944041
90186657
77992982
2274913
62869847
3201501
2909362
1545901
1545899
1332461
953176
311505
22661
18098
18086
38141531
30519404
4469159
4469157
4469155
4469153
3850657
2853219
541836
59803293
1360713
54792422
54606509
54400130
54888572
34481847
34481841
34481839
34481837
6624302
22852225
22852222
22852219
3850659
225437
1460162
18088
