700259135
700259019
700258909
700258799
700258693
700258589
700258481
700258373
700258265
700258151
700258041
700257929
700257827
700257715
700257605
700257495
700257385
700257275
700257177
700257083
700256980
700256870
700256761
700256655
700256540
700256430
700256336
700256226
700256120
700256009
700255899
700255787
700255681
700255577
700255463
700255353
700255238
700255147
700255042
700254933
700254823
700254716
700254612
700254500
700254386
700254276
700254162
700254060
700253950
700253844
700253739
700253633
700253524
700253418
700252971
700252859
671776106
543887190
602654754
576890544
576890542
576890538
403391473
403391467
403391449
403391443
403391431
371942052
371942048
395147227
395147213
482679624
482679622
482679620
482679618
482679616
482679614
482679612
482679610
482679608
482679606
482679604
482679602
482679600
482679598
482679596
482679594
482679592
482679590
482679588
482679586
482679584
482679582
482679580
482679578
482679576
482679574
482679572
482679570
482679568
482679566
482679564
482679562
482679560
406366456
406366454
406366444
372290997
372290996
372290995
372290994
372290993
372290992
372290991
372290990
372290989
372290988
372290987
372290986
372290985
372290984
372290983
372290982
372290981
372290980
372290979
372290978
372290977
372290976
372290975
372290974
372290973
372290972
372290971
372290970
372290969
372290968
372290967
372290966
372290965
372290964
372290963
372290962
372290961
372290960
372290959
372290958
372290957
372290956
372290955
372290954
372290953
372290952
372290951
372290950
372290949
372290948
372290947
372290946
372290945
372290944
372290943
372290942
372290941
372290940
372290939
372290938
372290937
372290936
372290935
372290934
372290933
372290932
372290931
372290930
372290929
372290928
372290927
372290926
372290925
372290924
372290923
372290922
372290921
372290920
372290919
372290918
372290917
372290916
372290915
318084715
318084714
318084713
318084712
318084711
318084710
318084709
318084708
318084707
318084706
318084705
318084704
318084703
318084702
318084701
318084700
318084699
318084698
318084697
318084696
318084695
318084694
318084693
318084692
318084691
318084690
318084689
318084688
318084687
318084686
318084685
318084684
318084683
318084682
318084681
318084680
318084679
318084678
318084677
318084676
318084675
318084674
318084673
318084672
318084671
318084670
318084669
318084668
318084667
318084666
318084665
318084664
318084663
318084662
318084661
318084660
318084659
318084658
318084657
318084656
318084655
318084654
318084653
318084652
318084651
318084650
318084649
318084648
318084647
318084646
318084645
318084644
318084643
318084642
318084641
318084640
318084639
318084638
318084637
318084636
318084635
318084634
318084633
260871353
6017987
2687446
23476303
9802251
9802242
293633741
293633739
293633437
293633435
15290684
359359014
336318698
336318674
336318650
336318626
336318580
336318556
336318532
336318508
336318484
336318460
346426328
346426318
346426308
346426300
325464715
325464703
325464691
325464680
324984227
324984215
324984203
324984191
324984077
324984069
324984057
324984041
324984033
324984021
324984005
324983997
15187150
341573842
150022225
326631705
284504572
76559876
76559874
188509950
188509949
188509948
188509947
188509946
188509945
188509944
188509943
188509942
188509941
188509940
188509939
188509938
188509937
188509936
133902304
133902303
133902302
133902301
133902300
133902299
32396094
7288605
195984445
458379
458377
458375
458365
458363
159138927
150022350
150022326
150022302
150022284
150022270
150022237
150022206
150022190
150022168
150022124
150021975
33413764
29837387
29837377
29837365
29836577
29836567
29836557
29836547
29836537
29836527
29836517
29836507
29836486
29836477
29836467
29836457
29836447
29836437
29836427
29836417
29836407
29836397
28569271
23476313
23476291
23476281
14269333
6911175
4928986
4928747
4580763
29164804
28274041
28274029
28274021
257815665
283893098
196166537
29837402
52632351
52632349
1654256
257704250
257695545
257694899
257654979
257639928
257632399
257355020
257349006
257289562
219972836
219926455
219921749
219789865
219759366
219757385
219738768
166343775
212292521
158267644
158267642
183584854
5777400
55956974
73587476
70663492
63087742
63087714
62633605
