75101092
13959383
1352186
417821
302393784
699980544
699980542
699980540
699980538
699980536
699980534
699980532
699980530
699980528
699980526
699980524
699980522
699980520
699980518
699980516
699980514
699980512
699980510
695101960
695101958
695101956
695101954
695101952
695101950
695101948
695101946
695101944
695101942
695101940
695101938
695101936
695101934
528050017
75339798
6016587
528050018
34921534
592960763
592960761
592960759
592960757
592960755
592960753
592960751
592960749
444289135
444289133
444289131
444289129
444289127
388272666
388272664
388272662
388272660
388272658
388272656
388272654
388272652
388272650
388272648
319999848
319999844
558485854
558485840
558485834
558485822
558485810
558485801
558485777
537422534
534304020
534303992
507480308
514389205
514389203
510961837
510961835
510961833
510961831
506956833
506956831
506956829
506956827
506956825
506956823
444289139
444289137
478437719
478437717
478576014
478576012
387135520
387135518
387135516
387135514
387135512
387135510
387135508
387135506
387135504
387135502
387135500
387135498
387135496
387135494
387135492
387135490
387135488
387135486
387135484
387135482
387135480
387135478
387135476
387135474
387135472
387135470
387135468
387135466
387135464
387135462
387135460
387135458
387135456
387135454
387135452
387135450
387135448
387135446
387135444
387135442
387135440
387135438
387135436
387135434
387135432
387135430
387135428
387135426
387135424
387135422
395146567
395146566
395146565
395146564
395146563
395146562
395146561
395146560
395146559
395146558
395146557
395146556
395146554
395146553
395146552
395146551
395146550
395146549
395146548
395146547
395146546
395146545
395146544
395146543
395146542
395146540
395146539
395146538
395146537
395146536
395146535
395146534
395146533
395146532
395146531
395146530
395146529
395146528
395146527
395146525
395146524
395146523
395146522
395146521
395146520
395146519
395146518
395146517
395146516
395146515
395146514
395146513
395146512
395146511
395146510
395146509
395146508
395146507
395146506
395146505
395146504
395146503
395146502
395146500
395146499
395146498
395146497
395146496
395146495
395146494
395146493
395146492
395146491
395146490
395146489
395146488
395146487
395146486
395146485
395146484
395146483
395146482
395146481
395146480
395146478
395146477
395146476
395146475
395146474
395146473
395146472
395146471
355430114
355430113
355430112
355430111
355430110
355430109
355430108
355430107
355430074
355430073
355430072
355430071
355430070
355430069
355430068
355430067
355429960
355429959
355429958
355429957
355429956
408904966
408904836
408904746
408904660
408904578
408904500
408904321
408904166
408904069
408903978
408903900
408903823
408903746
408903651
408903560
408903464
408903353
408903256
408903175
408903085
408902991
408902890
408902799
408902696
408902603
408902530
408902449
408902354
408902258
408902119
408902006
408901918
408901856
408901779
408901700
408901633
408901542
408901451
408901346
408901255
408901161
408901054
408900949
408900872
408900791
408900712
408900633
408900548
408900392
408900306
408900204
408900110
408900007
408899903
408899817
408899732
408899638
408899561
408899490
408899415
408899329
408899240
408899152
408899065
408898976
408898741
408898653
408898523
408898440
408898345
408898255
408898181
330689493
330689492
253722808
387135328
387135326
387135324
387135322
387135320
387135318
387135316
387135314
387135312
387135310
387135308
387135306
387135304
387135302
387135300
387135298
387135296
387135294
387135292
387135290
387135288
387135286
387135284
387135282
387135280
387135278
387135276
387135274
387135272
387135270
387135268
387135266
387135264
387135262
387135260
387135258
387135256
387135254
387135252
387135250
387135248
387135246
387135244
387135242
387135240
387135238
387135236
387135234
387135232
387135230
387135228
387135226
387135224
387135222
387135220
387135218
387135216
387135214
387135212
387135210
387135208
387135206
387135204
387135202
387135200
387135198
387135196
387135194
387135192
387135190
387135188
387135186
387135184
387135182
387135180
387135178
387135176
387135174
387135172
387135170
387135168
387135166
387135164
387135162
387135160
387135158
387135156
387135154
387135152
387135150
387135148
387135146
387135144
387135142
387135140
387135138
387135136
387135134
387135132
387135130
387135128
387135126
387135124
387135122
387135120
387135118
387135116
387135114
387135112
387135110
387135108
387135106
387135104
387135102
387135100
387135098
387135096
387135094
387135092
387135090
387135088
387135086
387135084
387135082
387135080
387135078
387135076
387135074
387135072
387135070
387135068
387135066
387135064
387135062
387135060
387135058
387135056
380857257
379048766
298364386
298364385
298364383
298364382
298364380
298364379
298364377
298364376
298364374
298364373
298364371
298364370
298364368
298364367
298364365
298364364
298364362
298364361
298364359
298364358
290760353
290760345
290760343
145386823
126009711
124361292
124361290
124361287
124361285
124361279
124361277
124361274
124361268
124361265
121722586
1842257
168304
374306638
374306636
374306634
374306632
374306630
374306628
374306626
374306624
374306622
374306620
374306618
374306616
374306614
374306612
374306610
374306608
374306606
374306604
374306602
374306600
374306598
374306596
374306594
374306592
374306590
374306588
374306586
374306584
374306582
374306580
374306578
374306576
374306574
374306572
374306570
374306568
374306566
374306564
374306562
374306560
374306558
374306556
374306554
374306552
374306550
374306548
374306546
374306544
374306542
374306540
374306538
374306536
374306534
374306532
374306530
374306528
374306526
374306524
374306522
374306520
374306518
374306516
374306514
374306512
374306510
374306508
374306506
374306504
374306502
374306500
318063763
358440854
358440851
358440847
350540698
350540700
347979022
347979020
347979018
347979016
347979014
347979012
347979010
347979008
206573502
346430471
319999846
319999842
319999840
319999838
319999836
319999834
319999832
319999830
319999828
319999826
334305548
334305547
334305546
334305545
334305544
334305543
334305542
334305541
334305540
334305539
334305538
334305536
335352798
327206175
327206173
158263573
315064762
298161169
298161167
298161165
298161163
298161161
298161159
298161157
298161155
298161153
298161151
298161115
298161113
298161111
298161109
298161107
298161105
298161103
298161101
298161099
298161097
194346322
168805190
168805188
149980850
149980848
149980846
149980844
149980842
149980840
149980838
149980836
77920892
290760357
290760355
290760351
290760349
290760347
290760341
290760339
290760337
290760334
290760332
290760329
290760327
290760325
290760323
290760321
290760319
290760317
290760312
290760310
290760308
290760306
290760304
290760302
290760300
290760298
237637012
311818678
311818612
311815586
311815022
311813797
311813793
311813791
311813789
311813787
311813783
311813781
300592995
300592993
300592985
300592951
300592949
300592923
300592909
300568862
300568760
300568758
300568698
300568688
300568670
300568626
300568624
300568550
300568518
300568508
46488026
46488024
1842251
862905
862904
797268
404866
296524686
296524550
296520445
296520381
296520379
296520377
296520375
296517429
296515153
296514142
296512735
296511511
256561123
256561121
296066407
296066405
295799789
295422621
295416104
295416094
295416082
295041792
295041734
295004244
295004242
300286
300285
300284
255077
291048676
291048606
219878902
219551960
217039783
76445899
76445897
76445895
76445893
76445891
76445889
76445887
76445885
76445883
76445881
76445879
76445877
76445875
76445873
76445871
76445869
76445867
76445865
76445863
76445861
76445859
76445857
76445855
76445853
76445851
76445849
76445847
76445845
27501864
22204064
14669635
14582866
10441573
4588070
4588068
4588066
4588064
4588062
4588060
4588058
4588056
4588054
4588052
4588050
4588048
3421361
2944417
2565288
2055429
1389835
289017335
289017333
224177809
224177807
224177805
223970543
223970541
242276425
242276423
242276421
262411038
262411036
241017130
194346324
111610548
77737588
77737586
77737584
77737576
77737574
74275359
74275357
74027164
27463662
18449339
13517483
13517480
13517477
13517474
13517472
13517470
13517469
13517468
13517466
13517464
56967441
55247887
45511557
1854581
268376532
259708310
259708300
259708282
259708238
259708236
259708162
259708130
259708120
259665586
259665584
259665576
259665542
259665540
259665514
259665500
259662517
259662415
259662413
257744740
257741812
257741810
257741808
257741806
257741794
257741792
257741790
257741788
257741786
257741784
257741782
257741780
257741778
257741776
257741774
257741772
257741770
257741768
257741766
257741764
257741762
257741760
257741758
257741756
257741754
257741752
257741750
257741748
257738534
257738532
257737992
257737980
257729123
257729121
257729119
257729117
257729115
257729113
257729111
257729109
257729107
257729101
257729091
257729089
257729087
257729085
257729083
257729081
257729079
257729077
257729075
257729073
257729071
257729069
257729067
257729065
257729063
257729061
257729059
257729057
257729055
257729053
257729051
257729049
257729047
257729045
257728997
257728995
257728993
257721660
257721478
257720722
257719838
257719836
257717653
257717249
257717174
257717150
257717134
257717132
257717118
257717064
257716962
257716788
257716692
257716690
257716623
257716590
257716503
257716491
257716407
257716303
257716301
257716127
257716087
257715472
257715030
257714884
257714532
257714530
257714528
257713986
257713984
257713982
257713690
257713026
257713022
257713020
257712882
257712864
257712836
257712824
257712812
257712682
257712609
257712579
257712528
257712526
257712524
257712478
257712366
257711629
257711627
257711557
257711555
257711553
257711551
257711539
257711537
257711535
257711533
257711531
257711529
257711527
257711525
257711523
257711521
257711519
257711517
257711515
257711513
257711511
257711509
257711507
257711505
257711503
257711501
257711499
257711497
257711495
257711493
257711143
257711141
257710946
257710893
257710891
257710889
257710603
257707704
257704736
257700608
257700446
257697969
257695401
257690975
257690831
257690829
257688519
257685862
257684037
257684035
257683951
257683644
257683160
257678537
257677386
257677047
257676909
257676019
257674742
257674694
257674664
257674662
257674600
257674562
257674560
257674536
257674300
257674072
257672980
257672961
257672917
257672817
257672639
257672201
257672199
257672185
257672033
257671979
257671870
257671868
257671536
257671398
257669946
257669944
257669942
257669806
257669804
257669802
257669800
257669798
257669796
257669794
257669792
257669790
257669788
257669786
257669776
257669774
257669772
257669770
257669768
257669766
257669764
257669762
257669760
257669758
257669756
257669754
257669752
257669750
257669748
257669746
257669744
257669742
257669740
257669738
257669736
257669734
257669706
257669704
257669702
257668202
257668059
257667785
257667783
257667731
257667607
257667561
257667353
257667301
257667299
257667228
257666694
257666586
257666484
257666482
257666480
257666364
257666093
257665773
257664530
257664528
257664526
257662028
257662026
257662024
257662022
257662020
257662018
257662016
257662014
257662012
257662010
257662008
257661998
257661996
257661994
257661992
257661990
257661988
257661986
257661984
257661982
257661980
257661978
257661976
257661974
257661972
257661970
257661968
257661966
257661964
257661962
257661960
257661958
257661956
257661468
257661466
257661464
257661462
257661460
257661458
257661456
257661454
257661452
257661446
257661436
257661434
257661432
257661430
257661428
257661426
257661424
257661422
257661420
257661418
257661416
257661414
257661412
257661410
257661408
257661406
257661404
257661402
257661400
257661398
257661396
257661394
257661392
257661390
257661342
257661340
257661338
257661298
257660162
257660156
257660154
257660152
257660084
257660041
257659867
257659831
257659829
257659729
257659727
257659725
257658323
257656869
257656831
257656715
257656713
257656711
257654485
257654483
257654481
257648696
257647438
257645358
257641530
257640054
257639142
257639140
257639138
257639136
257639134
257639132
257639130
257639128
257639126
257639120
257639110
257639108
257639106
257639104
257639102
257639100
257639098
257639096
257639094
257639092
257639090
257639088
257639086
257639084
257639082
257639080
257639078
257639076
257639074
257639072
257639070
257639068
257639066
257639064
257638414
257637608
257633772
257632481
257632479
257632477
257632029
257632027
257632025
257631959
257631957
257631935
257631840
257630099
257628655
257628190
257627867
257627535
257624623
257624514
257624512
257624510
257624508
257624465
257624389
257623962
257623756
257623696
257347875
257347863
257347585
257347583
257347581
257347579
257347567
257347565
257347563
257347561
257347559
257347557
257347555
257347553
257347551
257347549
257347547
257347545
257347543
257347541
257347539
257347537
257347535
257347533
257347531
257347529
257347527
257347525
257347523
257347521
257342753
257342751
257342749
257342747
257342745
257342743
257342741
257342739
257342737
257342735
257342733
257342723
257342721
257342719
257342717
257342715
257342713
257342711
257342709
257342707
257342705
257342703
257342701
257342699
257342697
257342695
257342693
257342691
257342689
257342687
257342685
257342683
257342681
257342653
257342651
257342649
257322541
257322539
257321075
257321073
257303769
257296295
257296293
257354826
257354824
257354822
257354820
257354818
257354816
257354814
257354812
257354810
257354804
257354794
257354792
257354790
257354788
257354786
257354784
257354782
257354780
257354778
257354776
257354774
257354772
257354770
257354768
257354766
257354764
257354762
257354760
257354758
257354756
257354754
257354752
257354750
257354748
257354700
257354698
257354696
257353652
257353650
257353267
257353263
257353261
257350260
257347147
257342401
257342375
257342299
257334246
257334234
257331337
257331335
257331333
257331331
257331329
257322076
257322074
257322072
257322070
257322068
257322066
257322064
257322062
257322060
257322058
257322056
257322046
257322044
257322042
257322040
257322038
257322036
257322034
257322032
257322030
257322028
257322026
257322024
257322022
257322020
257322018
257322016
257322014
257322012
257322010
257322008
257322006
257322004
257320573
257320571
257320569
257319746
257318814
257318812
257318810
257318808
257318806
257318804
257318802
257318800
257318798
257318796
257318794
257318784
257318782
257318780
257318778
257318776
257318774
257318772
257318770
257318768
257318766
257318764
257318762
257318760
257318758
257318756
257318754
257318752
257318750
257318748
257318746
257318744
257318742
257318714
257318712
257318710
257317292
257317166
257317164
257317162
257317160
257317158
257317156
257317154
257317152
257317150
257317144
257317134
257317132
257317130
257317128
257317126
257317124
257317122
257317120
257317118
257317116
257317114
257317112
257317110
257317108
257317106
257317104
257317102
257317100
257317098
257317096
257317094
257317092
257317090
257317088
257317040
257317038
257317036
257312308
257311518
257311516
257311514
257311512
257307909
257307907
257307905
257307903
257307901
257307899
257307897
257307895
257307893
257307891
257307889
257307887
257307885
257307883
257307881
257307879
257307877
257307875
257307873
257307871
257307869
257307867
257307865
257307863
257305297
257305295
257305293
257305291
257305279
257305277
257305275
257305273
257305271
257305269
257305267
257305265
257305263
257305261
257305259
257305257
257305255
257305253
257305251
257305249
257305247
257305245
257305243
257305241
257305239
257305237
257305235
257305233
257304677
257304675
257304673
257304671
257304669
257304667
257304665
257304663
257304661
257304659
257304657
257304647
257304645
257304643
257304641
257304639
257304637
257304635
257304633
257304631
257304629
257304627
257304625
257304623
257304621
257304619
257304617
257304615
257304613
257304611
257304609
257304607
257304605
257304577
257304575
257304573
257300719
257300717
257294822
257294810
257294314
257294312
257294310
257294308
257294306
257294304
257294302
257294300
257294298
257294296
257294294
257294284
257294282
257294280
257294278
257294276
257294274
257294272
257294270
257294268
257294266
257294264
257294262
257294260
257293124
257293122
257293120
257293118
257293116
257293114
257293112
257293110
257293108
257293080
257293078
257293076
257291690
257291688
257291686
257291684
257291682
257289418
257289162
257286468
255289584
253787164
253786384
253786382
253786380
253786378
253785562
253785322
253776108
253775871
253775869
253775867
253775865
227482028
227481541
227479479
227478735
227474640
227473247
227473245
227473243
227472354
227308690
227308514
227307910
227304504
227302978
227300892
227300888
227295780
227295776
227295774
227295772
227295770
227286245
227286243
227286241
227286239
227286237
227286235
227266926
227266924
227266922
227266920
227258519
227250040
227248178
227248176
227248174
227248172
227248170
227248168
227248166
226885704
226885009
226884212
226884210
226884208
226443487
226488436
226488410
145386821
145386819
145386817
145386815
225125594
223638956
223638926
222069959
222069957
222069955
222069953
222069952
222069950
222069928
222069926
222069924
222069922
219984475
219984276
219984274
219984272
219984270
219984268
219984266
219984264
219984262
219984260
219984254
219984244
219984242
219984240
219984238
219984236
219984234
219984232
219984230
219984228
219984226
219984224
219984222
219984220
219984218
219984216
219984214
219984212
219984210
219984208
219984206
219984204
219984202
219984200
219984198
219984150
219984148
219984146
219984106
219980366
219980364
219980234
219979926
219976633
219976631
219976629
219976627
219976625
219976623
219976621
219976619
219976617
219976615
219976613
219976603
219976601
219976599
219976597
219976595
219976593
219976591
219976589
219976587
219976585
219976583
219976581
219976579
219976577
219976575
219976573
219976571
219976569
219976567
219976565
219976563
219976561
219976533
219976531
219976529
219973720
219973718
219973716
219972496
219969368
219967823
219966627
219926123
219925631
219924073
219923123
219922540
219920394
219915316
219913256
219911057
219911055
219911053
219908499
219908461
219901495
219901483
219900951
219898831
219898829
219898827
219898825
219898823
219898821
219898819
219898817
219898815
219898809
219898799
219898797
219898795
219898793
219898791
219898789
219898787
219898785
219898783
219898781
219898779
219898777
219898775
219898773
219898771
219898769
219898767
219898765
219898763
219898761
219898759
219898757
219898755
219898753
219898705
219898703
219898701
219896764
219896762
219893490
219801198
219799486
219799484
219799088
219795390
219795388
219789721
219789559
219787749
219787747
219787283
219787281
219787279
219787277
219787275
219787273
219787271
219787269
219787267
219787265
219787263
219787253
219787251
219787249
219787247
219787245
219787243
219787241
219787239
219787237
219787235
219787233
219787231
219787229
219787227
219787225
219787223
219787221
219787219
219787217
219787215
219787213
219787211
219787183
219787181
219787179
219786975
219786973
219786971
219786969
219786967
219786965
219786963
219786961
219786959
219786953
219786943
219786941
219786939
219786937
219786935
219786933
219786931
219786929
219786927
219786925
219786923
219786921
219786919
219786917
219786915
219786913
219786911
219786909
219786907
219786905
219786903
219786901
219786899
219786897
219786849
219786847
219786845
219786196
219783518
219780769
219780643
219780641
219780639
219780637
219780635
219780633
219780631
219780629
219780627
219780621
219780611
219780609
219780607
219780605
219780603
219780601
219780599
219780597
219780595
219780593
219780591
219780589
219780587
219780585
219780583
219780581
219780579
219780577
219780575
219780573
219780571
219780569
219780567
219780565
219780517
219780515
219780513
219777329
219777327
219777325
219777323
219777311
219777309
219777307
219777305
219777303
219777301
219777299
219777297
219777295
219777293
219777291
219777289
219777287
219777285
219777283
219777281
219777279
219777277
219777275
219777273
219777271
219777269
219777267
219777265
219775434
219775432
219775430
219775428
219775416
219775414
219775412
219775410
219775408
219774258
219771878
219771876
219771874
219771872
219771870
219771868
219771866
219771864
219771862
219771860
219771858
219771848
219771846
219771844
219771222
219771220
219771218
219771216
219771204
219771202
219771200
219771198
219771196
219771194
219771192
219771190
219771188
219771186
219771184
219771182
219771180
219771178
219771176
219771174
219771172
219771170
219771168
219771166
219771164
219771162
219771160
219771158
219770928
219769401
219769399
219769397
219769395
219769393
219769391
219769389
219769387
219769385
219769383
219769381
219769379
219769377
219769375
219769373
219769371
219769369
219769367
219769339
219769337
219769335
219768649
219768647
219768645
219768643
219768641
219768639
219768637
219768635
219768633
219768631
219768629
219768627
219768625
219768623
219768621
219766509
219766507
219766505
219766503
219766501
219766499
219766497
219766495
219766493
219766491
219766489
219766479
219766477
219766475
219766473
219766471
219766469
219766467
219766465
219766463
219766461
219766459
219766457
219766455
219766453
219766451
219766449
219766447
219766445
219766443
219766441
219766439
219766437
219766409
219766407
219766405
219764012
219762748
219762746
219762744
219762327
219760947
219760771
219759989
219759977
219759222
219754109
219754107
219754105
219754103
219754101
219752777
219752775
219750572
219750560
219748966
219748962
219748960
219743008
219742996
219742472
219742470
219742468
219742466
219742454
219742452
219742450
219742448
219742446
219742444
219742442
219742440
219742438
219742436
219742434
219742432
219742430
219742428
219742426
219742424
219742422
219742420
219742418
219742416
219742414
219742412
219742410
219742408
219739806
219739804
219739802
219739800
219739798
219739796
219739794
219739792
219739790
219739788
219739786
219739776
219739774
219739772
219739770
219739768
219739766
219739764
219739762
219739760
219739758
219739756
219739754
219739752
219739750
219739748
219739746
219739744
219739742
219739740
219739738
219739736
219739734
219739706
219739704
219739702
219730538
219730536
219730534
219730532
219730530
219730528
219730526
219730524
219730522
219730520
219730518
219730508
219730506
219730504
219730502
219730500
219730498
219730496
219730494
219730492
219730490
219730488
219730486
219730484
219730482
219730480
219730478
219730476
219730474
219730472
219730470
219730468
219730466
219730438
219730436
219730434
219728012
219727216
219727214
219725694
219725692
219725476
219725450
219725374
219723728
219723726
219723724
219723722
219723720
218573202
218401674
218401672
218401650
218401648
218389470
218389468
218389466
218389464
218389318
218381850
218381848
218381846
218339750
218334814
218333132
218319228
218273387
218273385
218273381
218273379
218273377
218273326
218273175
218273109
218273107
218273104
218273062
217039785
213499576
206573500
206573498
206573496
206573494
206573492
206573490
206984759
206983615
206981247
206981245
206981243
206981241
206981239
206981237
206981235
197131204
189014897
187938359
159171968
150408704
134273571
134273552
126009713
126009709
124361282
124361272
124361270
119661140
77737582
77737580
77737578
77737572
118141273
118141271
13509213
3355634
3355632
14582864
114209482
110623226
110623224
109116491
62734981
62734979
62734977
62734975
62734973
94962377
94962375
76056895
13509366
13509364
13509362
13509360
13509358
13509356
13509353
13509351
13509349
13509347
13509345
13509343
13509341
13509339
13509337
13509238
13509236
13509234
13509232
13509229
13509227
13509225
13509223
13509221
13509219
13509217
13509215
13509211
13509210
13509209
13509208
13509207
68271859
68146503
1771246
22682
41411212
41411210
20502190
57118119
51850905
20502192
15210105
4138166
3036871
927428
