172045764
75290560
75290559
75253430
49065787
31563216
27734239
23822027
23821997
23821995
23821992
23813953
23813632
18202728
17380191
17368259
5915840
730146
300392456
300392454
300392452
723801777
723801760
723801758
723801756
75120872
75120871
62288852
62287141
61230115
49065799
48474946
38605662
27734485
25009142
25008985
24212276
23822110
23822109
23822108
23821994
23821993
23821910
23821905
23813722
23813720
20978734
20140215
20139690
20137452
18202725
18202724
18202721
18202718
17367635
14285376
14195185
701218689
701218687
701218531
701218529
701218371
701218369
701218209
701218207
701218069
701218067
487523307
391738050
391738027
391738021
391738014
353558931
353558687
288561949
288558940
122250440
62286596
61229831
59799157
56753278
51701717
46577617
31563218
31563217
31563215
31563058
26399164
24212235
23822371
23822370
23822111
23822033
23821991
23821972
23821911
23821909
23821908
23821907
23821906
23813721
22654080
22654048
22654047
20140214
18202727
18202726
18202723
18202722
17433137
17379903
14285652
12643762
3024529
3024502
3024501
3024500
2500198
1710008
1710007
27923740
18202720
695001002
695001000
695000998
695000996
695000994
300680945
300680944
147719992
122208907
122202937
75151773
75151772
75151767
20138517
3914135
75146881
1351985
1351983
1346103
692313993
619728443
659135270
549065410
549065408
645910403
645910401
645910399
645910397
346230643
633896300
633896298
633896296
629265998
629265996
629265994
629265992
629265990
629265988
629265986
629265984
629265982
625293655
625293654
625293652
563594502
604724081
605059549
605059547
605059545
605059543
311780285
606214119
606214117
606214115
606214113
606214111
606214109
606214107
606214105
606214103
606214101
606214099
606214097
606214095
606214093
606214091
586599732
586599730
586599728
113911568
575826015
570295544
567773370
528747822
549276099
537430953
529172817
527316605
527316604
527316603
477504447
477504445
477504443
477504441
477504439
477504437
477504429
477504405
477504403
477504401
477504399
477504397
477504395
477504393
477504391
477504389
477504387
477504385
477504383
477504381
477504379
477504377
477504375
477504373
477504371
477504369
477504367
430804040
430804038
520958089
478246790
429535563
306450597
482426683
402575786
471432894
372450321
372450320
372450319
372450318
372450317
372450316
372450315
372450314
372450313
372450312
372450311
372450310
372450309
372450308
372450307
372450306
372450305
372450304
372450303
372450302
372450301
372450300
372450299
372450298
372450297
372450296
372450295
372450294
372450293
372450292
372450291
372450290
372450289
372450288
366982715
358748144
357197367
357197366
357197364
357197363
357197362
357197361
357197360
357197359
357197358
357197357
357197356
357197355
357197354
357197353
357197352
357197351
357197350
357197349
357197348
357197347
357197346
357197345
357197344
357197343
357197342
357197341
357197340
357197338
357197337
357197336
357197335
357197334
343794556
409190991
355000198
355000196
355000194
409168116
409168114
407969114
407080720
400177677
400001046
157011997
94421440
94421439
13518500
13518499
13518498
13518496
13518495
13518494
13518493
13518492
13518491
13518490
13518489
13518488
13518487
13518486
13518485
13518484
13518482
13518480
13518479
13518478
13518477
13518476
13518475
13518474
13518473
13518472
13518471
13518470
13518469
13518468
13518467
13518466
13518465
13518464
13518463
13518462
13518461
13518460
13518459
13518458
13518457
13518456
13518455
13518454
13518453
13518452
13518451
13518450
13518449
13518448
13518447
13518446
13518445
13518444
13518443
13518442
13518441
13518440
13518439
13518438
13518437
13518436
13518435
13518434
13518433
13518432
13518431
13518430
13518429
13518428
13518426
13518425
13518424
13518423
13518422
13518421
13518420
13518419
13518418
388267601
396080274
388892253
391225675
391225656
379055949
379055947
379055945
379055943
379055941
379055939
388330306
388330304
388330302
388330300
388330298
388330296
388330294
388330292
388330290
388523141
388523131
388523123
388523119
388523115
388523113
388523111
388523107
388523101
388523091
388523089
388523085
388523083
388523075
388523073
388523071
388523063
388523059
388523051
388523049
388523039
388523037
388523035
388523031
388523027
388523021
388523019
388523017
388523003
388522999
388522993
388522989
388522981
388522977
388522975
388522971
388522969
388522967
388522965
388522963
388522957
388522947
388522945
388522941
388522935
388522925
388522921
388522919
388522915
388522913
388522911
388522907
388522901
388522897
388522895
388522893
388522889
388522885
388522883
388522879
388522877
388522875
388522871
388522869
388522853
388522849
388522845
388522843
388522839
388522833
388522831
388522827
388522821
388522819
388522817
388522815
388522811
388522807
388522799
388522797
388522793
388522789
388522785
388522779
388522777
388522775
388522773
388522769
388522765
388522763
388522761
388522759
388522757
388522755
388522753
388522749
388522745
388522741
388522737
388522735
388522727
388522725
388522723
388522721
388522719
388522715
388522701
388522695
388522693
388522687
388522685
388522679
388522671
388522669
388522665
388522663
388522661
388522659
388522657
388522655
388522653
388522643
388522631
388522629
388522625
388522621
388522615
388522611
388522609
388522607
388522601
388522599
388522597
388522595
388522593
388522585
388522581
388522579
388522577
388522571
388522569
388522565
388522563
388522561
388522557
388522549
388522539
388522529
388522527
388522519
388522517
388522515
388522509
388522507
388522501
388522499
388522497
388522491
388522489
388522485
388522471
388522469
388522467
388522459
388522457
388522455
388522451
388522449
388522447
388522445
388522439
388522431
388522429
388522421
388522417
388522413
388522411
388522409
388522405
388522403
388522399
388522397
388522395
388522391
388522389
388522385
388522381
388522375
388522371
388522361
388522359
388522353
388522351
388522349
388522345
388522343
388522339
388522337
388522331
388522329
388522327
388522323
388522321
388522317
388522315
388522313
388522311
388522305
388522299
388522291
388522287
388522283
388522281
388522275
388522265
388522261
388522253
388522249
388522241
388522233
388522223
388522219
388522217
388522213
388522211
388522209
388522203
388522201
388522195
388522193
388522191
388522189
388522187
388522183
388522181
388522177
388522175
388522169
388522167
388522159
388522155
388522153
388522151
388522149
388522145
388522143
388522141
388522137
388522135
388522133
388522127
388522125
388522123
388522101
388522097
388522091
388522089
388522087
388522079
388522077
388522075
388522069
388522063
388522061
388522059
388522055
388522053
388522051
388522049
388522047
388522039
388522033
388522029
388522019
388522017
388522015
388522013
388522009
388522005
388521995
388521989
388521987
388521979
388521975
388521973
388521971
388521969
388521965
388521963
388521961
388521959
388521953
388521951
388521949
388521947
388521943
388521939
388521931
388521929
388521927
388521925
388521923
388521921
388521919
388521913
388521911
388521909
388521907
388521905
388521901
388521897
388521893
388521887
388521885
388521883
388521881
388521877
388521873
388521865
388521859
388521857
388521853
388521851
388521843
388521835
388521833
388521831
388521827
388521825
388521823
388521817
388521815
388521811
388521809
388521807
388521805
388521803
388521801
388521789
388521783
388521779
388521777
388521775
388521771
388521767
388521765
388521761
388521759
388521757
388521755
388521753
388521743
388521737
388521733
388521731
388521725
388521719
388521711
388521705
388521701
388521699
388521697
388521693
388521687
388521685
388521677
388521669
388521665
388521659
388521655
388521651
388521649
388521637
388521629
388521621
388521617
388521613
388521611
388521609
388521607
388521601
388521595
388521591
388521585
388521577
388521575
388521573
388521565
388521563
388521561
388521559
388521555
388521553
388521549
388521545
388521541
388521535
388521527
388521523
388521521
388521517
388521515
388521511
388521507
388521505
388521499
388521497
388521495
388521489
388521485
388521483
388521477
388521475
388521465
388521461
388521445
388521441
388521439
388521437
388521435
388521427
388521423
388521419
388521413
388521411
388521399
388521395
388521393
388521385
388521377
388521371
388521369
388521363
388521361
388521357
388521355
388521353
388521347
388521345
388521337
388521331
388521329
388521327
388521325
388521323
388521321
388521319
388521317
388521313
388521307
388521305
388521299
388521297
388521293
388521291
388521287
388521283
388521277
388521275
388521271
388521267
388521263
388521259
388521253
388521247
388521245
388521243
388521227
388521225
388521223
388521221
388521219
388521217
388521215
388521211
388521209
388521201
388521199
388521197
388521193
388521189
388521179
388521169
388521167
388521165
388521163
388521161
388521157
388521151
388521139
388521137
388521135
388521133
388521125
388521123
388521119
388521117
388521109
388521105
388521097
388521089
388521087
388521085
388521079
388521077
388521073
388521071
388521069
388521067
388521065
388521063
388521061
388521059
388521055
388521053
388521047
388521043
388521041
388521037
388521035
388521033
388521029
388521025
388521019
388521017
388521015
388521001
388520995
388520993
388520991
388520989
388520987
388520983
388520977
388520975
388520973
388520967
388520955
388520953
388520933
388520931
388520927
388520921
388520919
388520915
388520911
388520899
388520897
388520895
388520887
388520885
388520883
388520881
388520879
388520877
388520869
388520867
388520863
388520853
388520851
388520849
388520843
388520833
388520827
388520825
388520821
388520813
388520811
388520809
388520807
388520805
388520803
388520801
388520797
388520791
388520789
388520785
388520781
388520765
388520763
388520761
388520757
388520755
388520747
388520741
388520737
388520733
388520731
388520727
388520721
388520717
388520709
388520705
388520703
388520699
388520697
388520695
388520691
388520685
388520681
388520679
388520677
388520675
388520673
388520671
388520669
388520667
388520665
388520661
388520657
388520653
388520649
388520645
388520639
388520631
388520625
388520623
388520617
388520615
388520613
388520611
388520607
388520597
388520595
388520593
388520591
388520587
388520581
388520579
388520577
388520571
388520563
388520559
388520555
388520549
388520547
388520545
388520541
388520539
388520531
388520513
388520507
388520505
388520503
388520501
388520499
388520493
388520487
388520485
388520481
388520479
388520477
388520471
388520467
388520463
388520461
388520459
388520453
388520449
388520447
388520443
388520441
388520437
388520435
388520431
388520427
388520425
388520423
388520417
388520415
388520409
388520399
388520395
388520393
388520389
388520383
388520377
388520375
388520373
388520371
388520367
388520365
388520361
388520359
388520357
388520355
388520353
388520349
388520339
388520333
388520331
388520329
388520327
388520325
388520323
388520321
388520311
388520307
388520301
388520299
388520297
388520295
388520289
388520285
388520281
388520279
388520277
388520275
388520273
388520271
388520265
388520263
388520259
388520257
388520253
388520251
388520249
388520247
388520241
388520237
388520225
388520219
388520217
388520215
388520211
388520209
388520207
388520197
388520193
388520191
388520189
388520187
388520183
388520181
388520177
388520171
388520161
388520157
388520153
388520151
388520143
388520131
388520129
388520125
388520123
388520119
388520117
388520113
388520109
388520099
388520097
388520095
388520093
388520091
388520087
388520085
388520083
388520081
388520079
388520075
388520067
388520065
388520063
388520061
388520057
388520051
388520045
388520043
388520041
388520039
388520037
388520035
388520033
388520031
388520025
388520015
388520013
388520011
388520009
388520007
388520001
388519999
388519997
388519995
388519991
388519989
388519987
388519985
388519983
388519981
388519973
388519969
388519965
388519961
388519959
388519957
388519953
388519947
388519945
388519941
388519939
388519937
388519935
388519931
388519925
388519913
388519911
388519909
388519907
388519903
388519901
388519899
388519895
388519893
388519887
388519879
388519877
388519865
388519863
388519861
388519859
388519857
388519855
388519853
388519851
388519849
388519847
388519839
388519835
388519829
388519823
388519819
388519817
388519815
388519813
388519811
388519809
388519803
388519793
388519791
388519789
388519779
388519777
388519771
388519769
388519767
388519765
388519763
388519759
388519757
388519755
388519747
388519745
388519741
388519737
388519735
388519731
388519725
388519723
388519719
388519715
388519705
388519701
388519697
388519691
388519689
388519683
388519681
388519679
388519675
388519671
388519669
388519667
388519665
388519659
388519657
388519645
388519643
388519641
388519637
388519635
388519633
388519631
388519629
388519627
388519615
388519611
388519607
388519605
388519603
388519601
388519597
388519595
388519593
388519591
388519579
388519577
388519571
388519569
388519563
388519559
388519557
388519549
388519539
388519531
388519529
388519525
388519519
388519517
388519515
388519513
388519511
388519509
388519505
388519499
388519491
388519483
388519481
388519479
388519475
388519473
388519469
388519465
388519463
388519459
388519457
388519453
388519451
388519449
388519443
388519441
388519439
388519437
388519427
388519425
388519419
388519411
388519405
388519403
388519389
388519385
388519383
388519379
388519377
388519373
388519371
388519369
388519365
388519361
388519359
388519353
388519347
388519343
388519339
388519337
388519335
388519333
388519331
388519329
388519327
388519323
388519319
388519311
388519309
388519307
388519301
388519295
388519293
388519291
388519289
388519285
388519277
388519275
388519273
388519271
388519265
388519257
388519255
388519251
388519249
388519247
388519245
388519243
388519239
388519237
388519235
388519231
388519229
388519223
388519219
388519215
388519207
388519205
388519203
388519201
388519199
388519197
388519189
388519187
388519183
388519179
388519177
388519171
388519169
388519167
388519163
388519161
388519157
388519153
388519145
388519139
388519133
388519131
388519129
388519127
388519125
388519119
388519115
388519109
388519107
388519105
388519097
388519095
388519085
388519083
388519081
388519075
388519073
388519067
388519063
388519061
388519055
388519047
388519043
388519041
388519037
388519031
388519029
388519025
388519021
388519017
388519015
388519013
388519009
388519005
388519001
388518993
388518989
388518987
388518981
388518977
388518973
388518971
388518969
388518967
388518963
388518961
388518959
388518947
388518945
388518939
388518935
388518925
388518923
388518921
388518919
388518917
388518913
388518911
388518909
388518907
388518901
388518889
388518887
388518877
388518873
388518869
388518867
388518859
388518857
388518853
388518849
388518845
388518833
388518831
388518829
388518827
388518823
388518821
388518815
388518811
388518809
388518807
388518799
388518797
388518781
388518777
388518767
388518765
388518759
388518755
388518753
388518749
388518745
388518743
388518739
388518737
388518735
388518733
388518731
388518727
388518725
388518721
388518713
388518711
388518709
388518701
388518695
388518687
388518683
388518677
388518673
388518669
388518663
388518659
388518657
388518655
388518653
388518649
388518647
388518645
388518639
388518637
388518633
388518631
388518629
388518627
388518621
388518617
388518615
388518613
388518607
388518605
388518601
388518589
388518587
388518585
388518577
388518575
388518573
388518571
388518561
388518551
388518547
388518545
388518543
388518541
388518535
388518533
388518529
388518527
388518525
388518519
388518513
388518507
388518505
388518503
388518501
388518499
388518497
388518495
388518493
388518483
388518479
388518477
388518473
388518467
388518465
388518463
388518459
388518457
388518455
388518453
388518449
388518447
388518445
388518441
388518439
388518437
388518435
388518433
388518429
388518427
388518425
388518423
388518421
388518415
388518409
388518407
388518405
388518403
388518391
388518385
388518377
388518375
388518373
388518363
388518359
388518351
388518349
388518343
388518341
388518337
388518335
388518331
388518325
388518323
388518319
388518317
388518313
388518303
388518299
388518293
388518287
388518285
388518279
388518275
388518257
388518255
388518247
388518245
388518241
388518239
388518237
388518231
388518227
388518221
388518219
388518217
388518211
388518207
388518201
388518199
388518193
388518183
388518181
388518179
388518177
388518175
388518171
388518167
388518165
388518163
388518159
388518155
388518153
388518151
388518149
388518145
388518143
388518141
388518137
388518135
388518133
388518125
388518123
388518121
388518117
388518115
388518113
388518097
388518093
388518091
388518087
388518081
388518079
388518075
388518065
388518063
388518061
388518051
388518049
388518043
388518041
388518039
388518025
388518021
388518019
388518017
388518009
388518007
388518005
388518003
388518001
388517981
388517977
388517973
388517971
388517969
388517965
388517961
388517959
388517955
388517953
388517951
388517935
388517933
388517929
388517923
388517919
388517903
388517901
388517899
388517893
388517891
388517889
388517881
388517879
388517877
388517875
388517871
388517869
388517867
388517865
388517863
388517861
388517859
388517857
388517855
388517851
388517843
388517837
388517833
388517831
388517829
388517827
388517823
388517821
388517819
388517817
388517815
388517813
388517809
388517805
388517803
388517801
388517793
388517787
388517785
388517783
388517779
388517773
388517769
388517765
388517763
388517761
388517759
388517755
388517753
388517751
388517749
388517745
388517743
388517741
388517727
388517723
388517721
388517717
388517713
388517709
388517703
388517701
388517699
388517695
388517693
388517689
388517685
388517683
388517677
388517673
388517671
388517665
388517663
388517659
388517657
388517649
388517637
388517633
388517631
388517629
388517625
388517621
388517615
388517609
388517605
388517603
388517599
388517593
388517591
388517589
388517587
388517581
388517579
388517577
388517575
388517571
388517569
388517563
388517559
388517547
388517545
388517539
388517537
388517535
388517531
388517527
388517521
388517519
388517511
388517503
388517499
388517497
388517495
388517493
388517489
388517487
388517483
388517481
388517475
388517469
388517463
388517459
388517451
388517447
388517437
388517435
388517433
388517431
388517429
388517425
388517419
388517415
388517413
388517411
388517407
388517405
388517397
388517395
388517393
388517391
388517389
388517387
388517385
388517381
388517379
388517377
388517375
388517371
388517369
388517367
388517365
388517357
388517355
388517351
388517349
388517347
388517345
388517337
388517335
388517333
388517331
388517329
388517323
388517321
388517315
388517313
388517309
388517307
388517305
388517299
388517295
388517289
388517287
388517283
388517279
388517277
388517273
388517269
388517259
388517257
388517251
388517243
388517239
388517237
388517235
388517233
388517229
388517227
388517225
388517223
388517221
388517209
388517205
388517203
388517199
388517195
388517191
388517187
388517185
388517183
388517179
388517169
388517167
388517165
388517163
388517157
388517151
388517149
388517145
388517143
388517137
388517135
388517133
388517125
388517123
388517119
388517117
388517115
388517113
388517111
388517105
388517099
388517097
388517093
388517091
388517083
388517077
388517075
388517073
388517069
388517065
388517063
388517061
388517051
388517047
388517043
388517039
388517037
388517031
388517025
388517019
388517013
388517005
388517003
388516997
388516993
388516991
388516989
388516987
388516983
388516975
388516973
388516967
388516963
388516961
388516955
388516953
388516949
388516943
388516939
388516935
388516923
388516921
388516917
388516913
388516909
388516903
388516895
388516893
388516883
388516881
388516879
388516877
388516875
388516873
388516871
388516867
388516865
388516863
388516857
388516855
388516851
388516849
388516847
388516845
388516837
388516831
388516827
388516821
388516819
388516817
388516815
388516813
388516807
388516805
388516803
388516795
388516791
388516789
388516787
388516783
388516779
388516775
388516769
388516763
388516759
388516757
388516753
388516751
388516749
388516745
388516743
388516741
388516739
388516733
388516721
388516719
388516717
388516715
388516707
388516703
388516699
388516685
388516681
388516677
388516675
388516673
388516671
388516667
388516663
388516657
388516655
388516649
388516643
388516639
388516637
388516631
388516625
388516611
388516607
388516599
388516597
388516595
388516591
388516587
388516583
388516581
388516579
388516565
388516559
388516553
388516547
388516545
388516543
388516541
388516539
388516535
388516527
388516523
388516519
388516517
388516507
388516505
388516503
388516501
388516499
388516497
388516495
388516491
388516477
388516475
388516469
388516467
388516455
388516445
388516443
388516441
388516439
388516435
388516425
388516419
388516417
388516413
388516411
388516407
388516403
388516399
388516397
388516395
388516393
388516391
388516385
388516383
388516381
388516379
388516377
388516373
388516361
388516359
388516355
388516351
388516337
388516335
388516333
388516331
388516329
388516323
388516321
388516317
388516313
388516307
388516305
388516297
388516295
388516287
388516285
388516283
388516279
388516277
388516273
388516267
388516261
388516249
388516243
388516241
388516237
388516233
388516223
388516221
388516217
388516213
388516209
388516207
388516205
388516203
388516199
388516197
388516191
388516189
388516187
388516179
388516177
388516175
388516169
388516167
388516165
388516151
388516145
388516141
388516137
388516131
388516123
388516115
388516113
388516111
388516101
388516097
388516091
388516087
388516085
388516083
388516073
388516065
388516061
388516059
388516047
388516045
388516041
388516039
388516033
388516029
388516027
388516025
388516015
388516013
388516009
388516007
388516005
388516003
388515997
388515995
388515991
388515987
388515985
388515979
388515973
388515971
388515969
388515967
388515961
388515959
388515957
388515953
388515951
388515949
388515947
388515945
388515933
388515931
388515927
388515925
388515923
388515915
388515913
388515911
388515909
388515899
388515897
388515895
388515891
388515889
388515887
388515879
388515873
388515871
388515869
388515867
388515859
388515857
388515855
388515853
388515841
388515835
388515829
388515817
388515815
388515803
388515801
388515797
388515793
388515791
388515783
388515779
388515777
388515775
388515767
388515763
388515759
388515757
388515753
388515749
388515747
388515745
388515743
388515739
388515737
388515735
388515733
388515731
388515727
388515725
388515721
388515717
388515711
388515707
388515703
388515699
388515697
388515695
388515689
388515683
388515681
388515679
388515677
388515675
388515673
388515671
388515669
388515665
388515661
388515655
388515653
388515651
388515647
388515645
388515643
388515635
388515629
388515627
388515625
388515623
388515621
388515617
388515615
388515613
388515609
388515595
388515593
388515589
388515587
388515585
388515583
388515579
388515577
388515567
388515565
388515563
388515561
388515559
388515557
388515553
388515551
388515545
388515541
388515539
388515535
388515533
388515529
388515527
388515501
388515497
388515489
388515477
388515475
388515473
388515471
388515469
388515465
388515463
388515461
388515451
388515449
388515435
388515427
388515425
388515417
388515407
388515405
388515399
388515397
388515395
388515393
388515389
388515387
388515385
388515383
388515381
388515379
388515377
388515375
388515371
388515367
388515365
388515363
388515361
388515357
388515353
388515351
388515343
388515337
388515329
388515323
388515321
388515317
388515309
388515301
388515297
388515291
388515289
388515285
388515283
388515281
388515279
388515277
388515275
388515273
388515271
388515265
388515261
388515257
388515255
388515253
388515247
388515237
388515235
388515233
388515219
388515215
388515213
388515211
388515207
388515205
388515203
388515201
388515195
388515189
388515185
388515183
388515179
388515177
388515173
388515167
388515165
388515159
388515157
388515153
388515149
388515145
388515141
388515135
388515127
388515123
388515117
388515115
388515113
388515109
388515103
388515101
388515099
388515097
388515089
388515087
388515085
388515083
388515077
388515075
388515073
388515063
388515059
388515055
388515053
388515047
388515043
388515041
388515031
388515025
388515021
388515019
388515017
388515015
388515013
388515009
388515007
388515003
388515001
388514999
388514997
388514995
388514993
388514991
388514979
388514977
388514975
388514973
388514971
388514965
388514963
388514957
388514955
388514947
388514943
388514941
388514931
388514927
388514917
388514915
388514913
388514909
388514907
388514903
388514901
388514895
388514893
388514887
388514885
388514879
388514877
388514875
388514873
388514871
388514861
388514859
388514853
388514851
388514849
388514839
388514837
388514835
388514833
388514827
388514823
388514821
388514819
388514813
388514809
388514807
388514801
388514793
388514791
388514789
388514785
388514777
388514773
388514771
388514769
388514763
388514757
388514755
388514753
388514751
388514747
388514745
388514741
388514739
388514737
388514733
388514731
388514721
388514709
388514707
388514701
388514699
388514691
388514689
388514687
388514685
388514683
388514677
388514675
388514673
388514667
388514665
388514663
388514661
388514657
388514653
388514651
388514647
388514645
388514637
388514635
388514633
388514627
388514625
388514617
388514615
388514611
388514609
388514607
388514599
388514595
388514587
388514579
388514571
388514569
388514563
388514561
388514559
388514553
388514549
388514543
388514529
388514523
388514521
388514515
388514513
388514511
388514507
388514499
388514497
388514489
388514487
388514483
388514473
388514471
388514469
388514465
388514463
388514461
388514459
388514457
388514453
388514451
388514447
388514443
388514441
388514439
388514437
388514435
388514433
388514427
388514425
388514423
388514417
388514411
388514409
388514403
388514401
388514397
388514389
388514385
388514381
388514379
388514377
388514373
388514365
388514363
388514359
388514347
388514343
388514335
388514329
388514327
388514323
388514321
388514315
388514311
388514305
388514297
388514295
388514287
388514283
388514281
388514279
388514273
388514271
388514263
388514249
388514243
388514241
388514239
388514237
388514233
388514231
388514229
388514227
388514221
388514217
388514213
388514211
388514209
388514205
388514197
388514195
388514191
388514189
388514185
388514183
388514177
388514173
388514171
388514169
388514165
388514163
388514161
388514159
388514147
388514145
388514137
388514135
388514131
388514127
388514125
388514123
388514121
388514119
388514115
388514113
388514111
388514109
388514107
388514099
388514095
388514091
388514087
388514081
388514075
388514067
388514063
388514061
388514055
388514051
388514049
388514047
388514045
388514043
388514039
388514037
388514033
388514029
388514027
388514025
388514023
388514021
388514015
388514011
388514001
388513999
388513991
388513989
388513987
388513985
388513981
388513979
388513977
388513975
388513971
388513967
388513961
388513957
388513955
388513941
388513939
388513933
388513931
388513925
388513921
388513915
388513913
388513911
388513909
388513907
388513905
388513901
388513899
388513897
388513895
388513893
388513889
388513887
388513885
388513881
388513877
388513875
388513871
388513867
388513861
388513859
388513857
388513851
388513849
388513847
388513843
388513841
388513839
388513837
388513835
388513833
388513827
388513815
388513811
388513809
388513807
388513801
388513795
388513793
388513791
388513785
388513783
388513777
388513769
388513767
388513763
388513759
388513755
388513753
388513751
388513741
388513739
388513737
388513735
388513731
388513727
388513725
388513723
388513719
388513717
388513713
388513709
388513703
388513701
388513697
388513693
388513687
388513685
388513681
388513679
388513677
388513669
388513659
388513653
388513651
388513647
388513645
388513639
388513633
388513629
388513625
388513623
388513621
388513619
388513613
388513611
388513609
388513607
388513605
388513595
388513587
388513581
388513579
388513577
388513575
388513573
388513571
388513569
388513561
388513551
388513545
388513533
388513529
388513525
388513519
388513513
388513511
388513505
388513503
388513501
388513499
388513495
388513493
388513489
388513487
388513485
388513483
388513471
388513469
388513465
388513463
388513461
388513459
388513453
388513449
388513441
388513439
388513437
388513433
388513431
388513427
388513425
388513421
388513413
388513405
388513401
388513391
388513387
388513373
388513369
388513367
388513365
388513363
388513361
388513359
388513357
388513355
388513351
388513343
388513341
388513339
388513337
388513335
388513329
388513323
388513317
388513313
388513311
388513303
388513299
388513297
388513295
388513293
388513291
388513285
388513283
388513281
388513277
388513273
388513271
388513269
388513265
388513259
388513257
388513255
388513251
388513249
388513247
388513245
388513243
388513237
388513235
388513231
388513229
388513227
388513225
388513223
388513219
388513217
388513215
388513213
388513209
388513201
388513195
388513191
388513189
388513187
388513185
388513183
388513177
388513163
388513143
388513141
388513139
388513137
388513135
388513133
388513127
388513121
388513117
388513115
388513113
388513111
388513109
388513101
388513097
388513095
388513087
388513083
388513081
388513077
388513069
388513063
388513061
388513059
388513057
388513053
388513049
388513047
388513045
388513041
388513039
388513037
388513035
388513029
388513025
388513023
388513019
388513017
388513009
388513003
388513001
388512999
388512993
388512989
388512983
388512979
388512971
388512969
388512965
388512963
388512961
388512959
388512951
388512947
388512943
388512935
388512933
388512931
388512929
388512925
388512915
388512913
388512911
388512909
388512907
388512905
388512903
388512899
388512891
388512889
388512885
388512881
388512879
388512875
388512873
388512869
388512865
388512863
388512859
388512857
388512855
388512843
388512839
388512837
388512833
388512823
388512821
388512813
388512811
388512807
388512805
388512797
388512795
388512789
388512785
388512783
388512779
388512777
388512767
388512763
388512759
388512753
388512747
388512745
388512741
388512739
388512735
388512733
388512731
388512725
388512723
388512721
388512715
388512713
388512711
388512709
388512707
388512705
388512703
388512693
388512691
388512689
388512683
388512679
388512675
388512671
388512669
388512665
388512663
388512659
388512655
388512651
388512645
388512641
388512637
388512631
388512625
388512619
388512615
388512611
388512609
388512607
388512605
388512601
388512595
388512591
388512589
388512585
388512583
388512579
388512575
388512571
388512569
388512567
388512565
388512563
388512557
388512551
388512549
388512543
388512535
388512533
388512529
388512521
388512519
388512517
388512515
388512513
388512507
388512505
388512503
388512501
388512499
388512497
388512493
388512487
388512485
388512481
388512477
388512475
388512471
388512465
388512463
388512461
388512459
388512457
388512453
388512451
388512447
388512445
388512441
388512439
388512435
388512429
388512427
388512423
388512421
388512413
388512407
388512405
388512395
388512387
388512381
388512375
388512373
388512359
388512351
388512347
388512343
388512341
388512337
388512325
388512323
388512319
388512313
388512311
388512307
388512305
388512301
388512295
388512291
388512289
388512287
388512285
388512283
388512281
388512277
388512271
388512263
388512259
388512251
388512249
388512245
388512243
388512239
388512235
388512233
388512229
388512225
388512219
388512217
388512215
388512211
388512205
388512193
388512189
388512185
388512181
388512179
388512175
388512169
388512165
388512163
388512159
388512157
388512145
388512143
388512141
388512137
388512135
388512131
388512127
388512125
388512121
388512111
388512107
388512105
388512101
388512091
388512087
388512085
388512079
388512077
388512073
388512069
388512065
388512061
388512059
388512057
388512055
388512053
388512049
388512045
388512037
388512033
388512031
388512027
388512023
388512021
388512017
388512005
388512003
388512001
388511997
388511993
388511991
388511973
388511969
388511965
388511963
388511961
388511959
388511955
388511953
388511945
388511943
388511939
388511937
388511935
388511933
388511931
388511929
388511927
388511925
388511923
388511917
388511915
388511911
388511909
388511907
388511905
388511901
388511899
388511895
388511893
388511885
388511881
388511875
388511873
388511867
388511861
388511859
388511857
388511853
388511851
388511849
388511847
388511845
388511841
388511831
388511829
388511825
388511821
388511811
388511809
388511807
388511797
388511795
388511791
388511789
388511787
388511785
388511783
388511781
388511775
388511771
388511767
388511763
388511759
388511755
388511751
388511749
388511747
388511745
388511743
388511741
388511733
388511731
388511729
388511725
388511721
388511717
388511715
388511713
388511711
388511709
388511703
388511697
388511693
388511687
388511681
388511677
388511675
388511673
388511671
388511659
388511655
388511653
388511649
388511647
388511645
388511643
388511641
388511639
388511637
388511635
388511633
388511631
388511629
388511625
388511619
388511613
388511611
388511607
388511603
388511601
388511599
388511593
388511581
388511577
388511575
388511573
388511571
388511565
388511561
388511557
388511547
388511545
388511543
388511541
388511537
388511535
388511531
388511525
388511521
388511515
388511511
388511509
388511501
388511497
388511495
388511491
388511489
388511485
388511483
388511481
388511477
388511469
388511465
388511463
388511461
388511459
388511457
388511449
388511445
388511439
388511437
388511435
388511421
388511419
388511415
388511413
388511411
388511409
388511403
388511399
388511397
388511395
388511393
388511391
388511375
388511373
388511371
388511369
388511367
388511359
388511347
388511345
388511339
388511337
388511333
388511327
388511317
388511315
388511313
388511311
388511305
388511303
388511299
388511297
388511295
388511293
388511289
388511287
388511283
388511279
388511269
388511265
388511259
388511255
388511247
388511239
388511235
388511233
388511223
388511219
388511213
388511211
388511205
388511203
388511199
388511197
388511193
388511191
388511187
388511183
388511181
388511177
388511175
388511169
388511167
388511161
388511151
388511145
388511143
388511137
388511135
388511131
388511123
388511120
388511107
388511104
388511100
388511097
388511090
388511083
388511081
388511079
388511077
388511075
388511070
388511068
388511058
388511052
388511050
388511040
388511038
388511034
388511032
388511028
388511024
388511020
388511016
388511014
388511012
388511010
388511008
388511006
388511002
388510998
388510990
388510986
388510984
388510982
388510978
388510976
388510974
388510968
388510960
388510958
388510956
388510952
388510950
388510944
388510940
388510934
388510930
388510928
388510926
388510918
388510914
388510910
388510906
388510902
388510900
388510898
388510892
388510890
388510884
388510882
388510876
388510866
388510864
388510862
388510842
388510836
388510834
388510826
388510824
388510820
388510816
388510808
388510802
388510800
388510794
388510792
388510788
388510784
388510782
388510780
388510778
388510772
388510770
388510766
388510764
388510758
388510756
388510754
388510750
388510744
388510742
388510738
388510736
388510734
388510730
388510722
388510718
388510716
388510714
388510710
388510708
388510698
388510688
388510686
388510684
388510682
388510680
388510678
388510676
388510674
388510670
388510668
388510662
388510660
388510656
388510650
388510648
388510646
388510642
388510638
388510636
388510630
388510628
388510626
388510624
388510620
388510618
388510616
388510608
388510602
388510586
388510584
388510580
388510578
388510576
388510574
388510568
388510564
388510558
388510552
388510546
388510544
388510542
388510540
388510536
388510534
388510532
388510530
388510528
388510526
388510520
388510512
388510506
388510504
388510500
388510492
388510488
388510484
388510482
388510478
388510474
388510472
388510470
388510468
388510462
388510460
388510454
388510452
388510448
388510446
388510444
388510442
388510440
388510436
388510434
388510432
388510430
388510428
388510426
388510424
388510420
388510416
388510410
388510406
388510404
388510400
388510396
388510390
388510388
388510384
388510382
388510372
388510370
388510364
388510362
388510360
388510346
388510342
388510338
388510336
388510328
388510326
388510320
388510318
388510316
388510312
388510306
388510302
388510300
388510296
388510294
388510292
388510290
388510286
388510284
388510282
388510280
388510276
388510272
388510266
388510260
388510254
388510248
388510246
388510244
388510236
388510232
388510218
388510216
388510214
388510210
388510200
388510190
388510184
388510182
388510180
388510178
388510168
388510162
388510160
388510156
388510150
388510148
388510144
388510140
388510138
388510132
388510126
388510124
388510122
388510118
388510116
388510114
388510112
388510110
388510106
388510102
388510100
388510098
388510094
388510092
388510084
388510078
388510074
388510072
388510062
388510052
388510048
388510042
388510040
388510028
388510022
388510018
388510012
388510010
388510008
388510006
388510002
388509998
388509992
388509990
388509988
388509986
388509984
388509976
388509974
388509972
388509970
388509968
388509966
388509964
388509962
388509958
388509956
388509934
388509932
388509930
388509928
388509924
388509916
388509912
388509906
388509904
388509902
388509896
388509892
388509886
388509880
388509878
388509876
388509866
388509858
388509854
388509852
388509850
388509848
388509846
388509844
388509842
388509836
388509834
388509832
388509826
388509818
388509816
388509814
388509808
388509806
388509802
388509790
388509786
388509784
388509782
388509780
388509774
388509772
388509762
388509758
388509752
388509750
388509748
388509742
388509738
388509734
388509728
388509724
388509712
388509706
388509702
388509696
388509694
388509692
388509688
388509686
388509680
388509678
388509676
388509672
388509670
388509668
388509664
388509656
388509654
388509650
388509648
388509638
388509636
388509634
388509626
388509622
388509618
388509610
388509604
388509598
388509594
388509592
388509586
388509584
388509582
388509580
388509578
388509576
388509572
388509566
388509560
388509558
388509556
388509554
388509546
388509544
388509538
388509536
388509532
388509530
388509528
388509526
388509522
388509510
388509508
388509506
388509498
388509496
388509490
388509486
388509484
388509476
388509468
388509466
388509464
388509462
388509460
388509458
388509456
388509448
388509446
388509442
388509440
388509438
388509434
388509432
388509426
388509424
388509422
388509418
388509416
388509414
388509412
388509404
388509402
388509396
388509394
388509392
388509390
388509386
388509384
388509380
388509376
388509372
388509370
388509358
388509356
388509354
388509352
388509350
388509348
388509346
388509344
388509336
388509334
388509332
388509322
388509320
388509318
388509316
388509312
388509310
388509308
388509304
388509298
388509296
388509294
388509292
388509288
388509286
388509282
388509278
388509276
388509274
388509270
388509268
388509264
388509262
388509260
388509258
388509254
388509250
388509246
388509244
388509240
388509236
388509230
388509226
388509222
388509218
388509214
388509210
388509208
388509206
388509202
388509196
388509192
388509190
388509188
388509186
388509184
388509182
388509180
388509172
388509170
388509168
388509166
388509162
388509144
388509142
388509140
388509138
388509128
388509120
388509108
388509106
388509104
388509100
388509098
388509096
388509094
388509092
388509086
388509084
388509080
388509078
388509076
388509070
388509060
388509054
388509052
388509046
388509040
388509036
388509034
388509032
388509030
388509028
388509026
388509024
388509016
388509010
388509002
388508996
388508994
388508990
388508984
388508982
388508974
388508972
388508970
388508966
388508964
388508962
388508956
388508952
388508948
388508942
388508940
388508934
388508932
388508928
388508926
388508924
388508922
388508920
388508916
388508914
388508912
388508908
388508904
388508902
388508898
388508892
388508890
388508888
388508884
388508876
388508866
388508858
388508856
388508852
388508836
388508830
388508826
388508824
388508820
388508814
388508812
388508808
388508802
388508800
388508796
388508794
388508792
388508788
388508786
388508784
388508782
388508778
388508776
388508774
388508772
388508760
388508758
388508748
388508746
388508742
388508738
388508736
388508732
388508730
388508728
388508726
388508720
388508718
388508708
388508700
388508694
388508692
388508690
388508684
388508682
388508674
388508672
388508668
388508666
388508664
388508660
388508656
388508652
388508648
388508646
388508642
388508638
388508630
388508622
388508620
388508614
388508612
388508608
388508606
388508602
388508594
388508586
388508582
388508576
388508574
388508568
388508566
388508564
388508560
388508558
388508556
388508554
388508550
388508548
388508542
388508538
388508536
388508534
388508528
388508524
388508520
388508518
388508516
388508508
388508506
388508504
388508502
388508500
388508498
388508496
388508490
388508484
388508482
388508478
388508468
388508466
388508464
388508456
388508454
388508448
388508446
388508436
388508432
388508430
388508426
388508424
388508422
388508418
388508414
388508410
388508402
388508400
388508398
388508394
388508392
388508390
388508386
388508376
388508372
388508368
388508364
388508362
388508360
388508352
388508348
388508344
388508338
388508336
388508334
388508332
388508324
388508320
388508308
388508306
388508304
388508302
388508294
388508290
388508284
388508280
388508274
388508270
388508266
388508254
388508250
388508246
388508240
388508232
388508228
388508222
388508218
388508212
388508210
388508206
388508200
388508194
388508192
388508190
388508182
388508176
388508166
388508164
388508158
388508156
388508154
388508150
388508148
388508146
388508144
388508120
388508118
388508116
388508112
388508108
388508100
388508096
388508084
388508082
388508078
388508076
388508074
388508068
388508054
388508046
388508042
388508040
388508038
388508032
388508030
388508028
388508016
388508014
388508006
388508002
388508000
388507988
388507986
388507984
388507982
388507976
388507972
388507970
388507968
388507966
388507960
388507954
388507950
388507948
388507940
388507928
388507922
388507920
388507916
388507902
388507886
388507884
388507880
388507874
388507868
388507866
388507864
388507862
388507860
388507856
388507854
388507846
388507844
388507836
388507828
388507818
388507814
388507810
388507806
388507804
388507802
388507800
388507798
388507788
388507786
388507784
388507780
388507778
388507776
388507774
388507770
388507768
388507766
388507758
388507750
388507746
388507744
388507742
388507738
388507736
388507734
388507732
388507724
388507714
388507712
388507708
388507704
388507698
388507696
388507694
388507688
388507686
388507666
388507664
388507660
388507656
388507654
388507644
388507642
388507640
388507636
388507632
388507630
388507626
388507622
388507620
388507614
388507610
388507608
388507606
388507602
388507596
388507582
388507576
388507564
388507560
388507556
388507554
388507550
388507546
388507542
388507538
388507536
388507530
388507528
388507526
388507522
388507516
388507512
388507510
388507508
388507506
388507502
388507496
388507494
388507492
388507490
388507480
388507476
388507474
388507472
388507466
388507460
388507458
388507456
388507454
388507452
388507446
388507444
388507440
388507434
388507432
388507422
388507420
388507414
388507412
388507408
388507406
388507398
388507396
388507392
388507390
388507388
388507382
388507380
388507378
388507376
388507374
388507372
388507368
388507366
388507362
388507360
388507354
388507350
388507344
388507332
388507328
388507326
388507320
388507318
388507314
388507310
388507306
388507302
388507300
388507298
388507296
388507290
388507288
388507286
388507282
388507272
388507270
388507266
388507260
388507256
388507252
388507246
388507244
388507242
388507240
388507236
388507234
388507226
388507222
388507216
388507206
388507204
388507200
388507196
388507192
388507188
388507184
388507182
388507178
388507176
388507174
388507170
388507164
388507158
388507154
388507148
388507142
388507136
388507132
388507128
388507126
388507122
388507120
388507118
388507116
388507112
388507108
388507106
388507104
388507100
388507098
388507094
388507092
388507090
388507082
388507078
388507074
388507066
388507064
388507048
388507042
388507040
388507038
388507036
388507034
388507030
388507024
388507022
388507018
388507014
388507004
388507002
388507000
388506996
388506994
388506986
388506982
388506978
388506970
388506966
388506960
388506956
388506950
388506944
388506942
388506936
388506934
388506928
388506924
388506922
388506920
388506918
388506916
388506914
388506910
388506908
388506904
388506902
388506898
388506896
388506892
388506890
388506888
388506886
388506882
388506880
388506872
388506870
388506862
388506856
388506854
388506852
388506850
388506842
388506840
388506838
388506832
388506830
388506828
388506822
388506820
388506818
388506812
388506810
388506808
388506802
388506798
388506794
388506792
388506790
388506784
388506780
388506778
388506760
388506756
388506744
388506738
388506734
388506732
388506730
388506728
388506720
388506718
388506706
388506704
388506702
388506700
388506698
388506696
388506694
388506684
388506682
388506680
388506678
388506670
388506668
388506666
388506662
388506660
388506658
388506648
388506646
388506642
388506636
388506630
388506628
388506626
388506624
388506622
388506620
388506618
388506614
388506612
388506602
388506598
388506596
388506580
388506576
388506574
388506572
388506568
388506560
388506556
388506552
388506550
388506540
388506538
388506534
388506530
388506528
388506526
388506522
388506518
388506514
388506512
388506510
388506508
388506504
388506500
388506498
388506496
388506486
388506484
388506482
388506480
388506476
388506472
388506466
388506464
388506462
388506458
388506454
388506448
388506446
388506444
388506438
388506436
388506432
388506426
388506424
388506418
388506416
388506412
388506410
388506404
388506400
388506398
388506394
388506386
388506384
388506382
388506376
388506368
388506364
388506362
388506360
388506358
388506354
388506352
388506348
388506346
388506334
388506332
388506328
388506326
388506320
388506318
388506316
388506312
388506310
388506308
388506302
388506300
388506298
388506294
388506290
388506286
388506280
388506278
388506266
388506254
388506252
388506244
388506242
388506240
388506234
388506230
388506228
388506226
388506222
388506218
388506214
388506210
388506208
388506206
388506202
388506198
388506196
388506186
388506180
388506178
388506176
388506174
388506172
388506168
388506152
388506144
388506138
388506136
388506128
388506124
388506122
388506118
388506116
388506112
388506106
388506104
388506102
388506092
388506090
388506088
388506084
388506082
388506080
388506074
388506070
388506058
388506054
388506050
388506046
388506038
388506036
388506034
388506032
388506030
388506028
388506026
388506022
388506020
388506016
388506014
388506008
388506004
388505994
388505984
388505978
388505974
388505968
388505966
388505956
388505950
388505948
388505940
388505938
388505928
388505926
388505924
388505922
388505918
388505916
388505914
388505906
388505902
388505900
388505898
388505896
388505894
388505888
388505884
388505880
388505878
388505876
388505874
388505872
388505870
388505866
388505864
388505858
388505856
388505850
388505840
388505838
388505836
388505824
388505820
388505810
388505808
388505802
388505800
388505798
388505796
388505794
388505790
388505788
388505786
388505782
388505780
388505778
388505776
388505770
388505768
388505758
388505752
388505750
388505742
388505740
388505732
388505730
388505728
388505726
388505720
388505718
388505716
388505714
388505710
388505706
388505700
388505698
388505692
388505690
388505688
388505686
388505676
388505672
388505668
388505666
388505664
388505662
388505656
388505652
388505648
388505646
388505642
388505638
388505636
388505632
388505630
388505626
388505618
388505616
388505614
388505612
388505608
388505606
388505604
388505602
388505600
388505598
388505596
388505594
388505590
388505586
388505584
388505582
388505578
388505576
388505572
388505570
388505560
388505558
388505556
388505554
388505548
388505546
388505540
388505538
388505536
388505534
388505532
388505528
388505518
388505514
388505506
388505502
388505500
388505498
388505496
388505494
388505488
388505484
388505478
388505466
388505464
388505460
388505454
388505452
388505446
388505442
388505440
388505438
388505436
388505432
388505426
388505422
388505416
388505410
388505404
388505400
388505398
388505396
388505392
388505390
388505388
388505376
388505372
388505370
388505366
388505360
388505358
388505354
388505352
388505350
388505346
388505340
388505338
388505336
388505334
388505332
388505330
388505328
388505326
388505324
388505322
388505320
388505318
388505316
388505312
388505310
388505302
388505298
388505296
388505292
388505290
388505284
388505282
388505278
388505266
388505264
388505260
388505256
388505254
388505250
388505248
388505246
388505240
388505234
388505230
388505228
388505226
388505224
388505222
388505220
388505218
388505216
388505214
388505212
388505208
388505202
388505200
388505196
388505194
388505182
388505178
388505168
388505164
388505158
388505156
388505152
388505144
388505142
388505138
388505136
388505132
388505128
388505124
388505122
388505120
388505108
388505100
388505098
388505086
388505084
388505074
388505072
388505070
388505066
388505062
388505056
388505054
388505048
388505046
388505044
388505040
388505036
388505034
388505030
388505022
388505018
388505008
388505006
388505004
388505000
388504992
388504988
388504986
388504978
388504976
388504972
388504970
388504964
388504962
388504960
388504956
388504954
388504952
388504950
388504946
388504944
388504938
388504934
388504932
388504930
388504928
388504918
388504916
388504912
388504910
388504908
388504904
388504902
388504900
388504898
388504896
388504882
388504880
388504878
388504874
388504868
388504866
388504864
388504856
388504854
388504852
388504850
388504848
388504846
388504844
388504842
388504838
388504836
388504834
388504832
388504826
388504822
388504818
388504812
388504810
388504804
388504788
388504784
388504780
388504778
388504776
388504772
388504768
388504766
388504764
388504762
388504760
388504756
388504752
388504750
388504748
388504744
388504736
388504732
388504730
388504728
388504726
388504724
388504720
388504718
388504716
388504714
388504708
388504706
388504702
388504698
388504696
388504694
388504692
388504690
388504682
388504680
388504678
388504676
388504674
388504672
388504666
388504658
388504650
388504644
388504642
388504638
388504620
388504614
388504612
388504610
388504606
388504604
388504602
388504592
388504588
388504584
388504582
388504580
388504570
388504562
388504560
388504558
388504556
388504554
388504548
388504544
388504542
388504538
388504534
388504526
388504522
388504510
388504508
388504506
388504504
388504500
388504498
388504490
388504488
388504482
388504478
388504474
388504472
388504466
388504462
388504460
388504452
388504448
388504446
388504444
388504442
388504440
388504438
388504434
388504430
388504424
388504422
388504408
388504404
388504402
388504392
388504390
388504382
388504380
388504378
388504374
388504372
388504370
388504368
388504366
388504356
388504354
388504346
388504342
388504338
388504336
388504334
388504332
388504330
388504328
388504316
388504306
388504304
388504296
388504294
388504286
388504278
388504276
388504274
388504270
388504264
388504262
388504250
388504246
388504240
388504238
388504236
388504222
388504216
388504202
388504196
388504194
388504192
388504190
388504188
388504186
388504184
388504176
388504172
388504168
388504162
388504158
388504156
388504152
388504146
388504144
388504142
388504132
388504128
388504126
388504122
388504118
388504116
388504108
388504106
388504102
388504098
388504096
388504094
388504084
388504080
388504076
388504074
388504070
388504068
388504066
388504064
388504062
388504056
388504054
388504048
388504040
388504038
388504034
388504030
388504020
388504018
388504016
388504014
388504012
388504006
388503996
388503988
388503986
388503984
388503982
388503974
388503972
388503968
388503966
388503964
388503962
388503960
388503958
388503954
388503952
388503950
388503942
388503940
388503936
388503932
388503930
388503926
388503924
388503922
388503920
388503918
388503914
388503910
388503908
388503906
388503894
388503892
388503890
388503888
388503886
388503884
388503880
388503874
388503870
388503868
388503856
388503854
388503850
388503848
388503840
388503834
388503830
388503828
388503822
388503820
388503812
388503810
388503806
388503804
388503800
388503794
388503792
388503790
388503788
388503786
388503782
388503780
388503778
388503776
388503774
388503766
388503764
388503756
388503754
388503748
388503738
388503722
388503714
388503710
388503706
388503700
388503696
388503690
388503678
388503672
388503668
388503664
388503660
388503656
388503654
388503652
388503650
388503646
388503642
388503640
388503634
388503624
388503620
388503618
388503614
388503612
388503608
388503606
388503600
388503580
388503574
388503572
388503566
388503560
388503554
388503550
388503548
388503544
388503542
388503530
388503528
388503524
388503522
388503518
388503516
388503514
388503510
388503508
388503506
388503502
388503496
388503492
388503488
388503486
388503478
388503474
388503468
388503466
388503462
388503460
388503458
388503454
388503448
388503446
388503444
388503440
388503438
388503436
388503434
388503432
388503428
388503422
388503418
388503416
388503414
388503410
388503408
388503406
388503404
388503398
388503394
388503390
388503388
388503384
388503380
388503378
388503376
388503374
388503370
388503366
388503358
388503356
388503352
388503350
388503344
388503342
388503340
388503336
388503334
388503328
388503326
388503324
388503312
388503310
388503308
388503304
388503302
388503300
388503298
388503296
388503290
388503288
388503282
388503280
388503268
388503262
388503260
388503254
388503250
388503246
388503244
388503240
388503236
388503234
388503232
388503226
388503220
388503218
388503210
388503208
388503202
388503192
388503190
388503188
388503178
388503174
388503162
388503158
388503156
388503152
388503150
388503146
388503144
388503142
388503140
388503136
388503134
388503132
388503128
388503124
388503122
388503120
388503118
388503116
388503114
388503110
388503104
388503098
388503094
388503088
388503086
388503084
388503074
388503070
388503066
388503064
388503062
388503054
388503048
388503042
388503038
388503036
388503034
388503030
388503026
388503024
388503022
388503020
388503012
388503008
388503002
388502998
388502996
388502994
388502992
388502988
388502984
388502982
388502976
388502972
388502968
388502966
388502964
388502962
388502948
388502946
388502944
388502942
388502940
388502930
388502922
388502920
388502914
388502912
388502910
388502908
388502902
388502900
388502896
388502892
388502888
388502886
388502884
388502880
388502878
388502870
388502866
388502856
388502850
388502848
388502840
388502834
388502832
388502824
388502822
388502814
388502812
388502810
388502802
388502794
388502792
388502790
388502784
388502778
388502776
388502774
388502772
388502768
388502766
388502760
388502758
388502756
388502750
388502742
388502740
388502738
388502732
388502730
388502726
388502718
388502716
388502712
388502706
388502700
388502694
388502684
388502682
388502670
388502668
388502662
388502660
388502658
388502644
388502636
388502630
388502626
388502624
388502620
388502614
388502610
388502608
388502606
388502604
388502600
388502596
388502592
388502590
388502582
388502574
388502572
388502570
388502568
388502564
388502562
388502558
388502556
388502554
388502552
388502550
388502540
388502538
388502536
388502534
388502532
388502530
388502528
388502526
388502520
388502518
388502510
388502508
388502504
388502502
388502498
388502496
388502490
388502488
388502480
388502476
388502470
388502466
388502464
388502460
388502456
388502454
388502450
388502446
388502438
388502434
388502432
388502430
388502426
388502424
388502420
388502414
388502412
388502408
388502404
388502402
388502400
388502396
388502392
388502390
388502380
388502372
388502360
388502358
388502354
388502348
388502342
388502334
388502328
388502320
388502318
388502316
388502304
388502300
388502288
388502282
388502280
388502276
388502274
388502272
388502270
388502264
388502260
388502256
388502246
388502244
388502234
388502224
388502222
388502220
388502218
388502216
388502212
388502206
388502204
388502198
388502194
388502190
388502188
388502186
388502182
388502180
388502176
388502174
388502170
388502168
388502164
388502160
388502156
388502150
388502146
388502142
388502134
388502132
388502130
388502128
388502126
388502122
388502114
388502112
388502110
388502106
388502104
388502102
388502094
388502090
388502082
388502074
388502072
388502066
388502060
388502058
388502056
388502048
388502044
388502042
388502038
388502030
388502028
388502026
388502022
388502020
388502018
388502016
388502010
388502008
388501998
388501992
388501990
388501988
388501986
388501982
388501978
388501976
388501974
388501972
388501968
388501966
388501964
388501954
388501946
388501944
388501936
388501934
388501930
388501926
388501912
388501910
388501906
388501902
388501900
388501894
388501884
388501882
388501874
388501872
388501870
388501868
388501856
388501844
388501842
388501836
388501830
388501828
388501822
388501820
388501818
388501814
388501812
388501808
388501802
388501794
388501790
388501786
388501782
388501780
388501778
388501776
388501772
388501770
388501768
388501764
388501748
388501746
388501744
388501742
388501736
388501732
388501730
388501726
388501724
388501720
388501718
388501698
388501696
388501692
388501690
388501686
388501684
388501682
388501680
388501676
388501674
388501672
388501670
388501668
388501662
388501658
388501648
388501642
388501640
388501636
388501630
388501628
388501624
388501622
388501616
388501612
388501608
388501606
388501602
388501594
388501592
388501590
388501586
388501582
388501574
388501572
388501570
388501568
388501566
388501564
388501562
388501556
388501550
388501548
388501546
388501544
388501542
388501536
388501524
388501520
388501518
388501516
388501514
388501512
388501508
388501506
388501502
388501500
388501498
388501496
388501492
388501490
388501486
388501480
388501478
388501474
388501472
388501470
388501468
388501452
388501432
388501430
388501428
388501426
388501422
388501420
388501416
388501414
388501412
388501408
388501400
388501398
388501392
388501388
388501386
388501374
388501364
388501362
388501358
388501352
388501346
388501342
388501338
388501336
388501334
388501332
388501322
388501316
388501310
388501308
388501304
388501296
388501292
388501290
388501286
388501272
388501268
388501266
388501260
388501258
388501254
388501248
388501242
388501238
388501232
388501228
388501222
388501220
388501218
388501214
388501212
388501206
388501204
388501202
388501200
388501192
388501190
388501188
388501186
388501184
388501182
388501180
388501178
388501174
388501172
388501170
388501166
388501164
388501160
388501152
388501146
388501144
388501142
388501140
388501136
388501132
388501128
388501126
388501120
388501118
388501112
388501110
388501108
388501102
388501096
388501088
388501084
388501082
388501080
388501078
388501074
388501072
388501070
388501068
388501064
388501062
388501060
388501058
388501056
388501054
388501050
388501048
388501042
388501038
388501034
388501026
388501020
388501018
388501016
388501014
388501012
388501010
388501008
388500996
388500992
388500990
388500982
388500980
388500978
388500976
388500974
388500970
388500966
388500964
388500960
388500952
388500948
388500944
388500932
388500928
388500922
388500918
388500916
388500912
388500900
388500898
388500896
388500894
388500882
388500880
388500876
388500870
388500868
388500864
388500860
388500856
388500852
388500848
388500842
388500838
388500834
388500830
388500828
388500824
388500822
388500818
388500816
388500812
388500810
388500806
388500804
388500802
388500796
388500794
388500792
388500790
388500784
388500780
388500776
388500772
388500770
388500768
388500762
388500758
388500754
388500750
388500746
388500738
388500736
388500734
388500732
388500728
388500724
388500722
388500712
388500710
388500708
388500696
388500690
388500682
388500680
388500676
388500674
388500668
388500660
388500656
388500650
388500648
388500638
388500634
388500630
388500628
388500626
388500622
388500618
388500614
388500612
388500608
388500606
388500604
388500600
388500596
388500592
388500588
388500584
388500578
388500576
388500572
388500566
388500564
388500552
388500550
388500534
388500528
388500520
388500514
388500508
388500506
388500504
388500502
388500500
388500496
388500492
388500482
388500476
388500470
388500468
388500466
388500464
388500462
388500456
388500454
388500452
388500450
388500444
388500442
388500440
388500434
388500432
388500426
388500416
388500412
388500410
388500408
388500404
388500402
388500394
388500392
388500388
388500386
388500384
388500382
388500380
388500376
388500374
388500372
388500368
388500366
388500362
388500356
388500350
388500348
388500338
388500332
388500326
388500324
388500322
388500320
388500316
388500304
388500302
388500300
388500298
388500294
388500288
388500286
388500278
388500274
388500270
388500268
388500266
388500258
388500256
388500254
388500252
388500250
388500234
388500232
388500224
388500222
388500218
388500214
388500208
388500202
388500194
388500192
388500190
388500186
388500184
388500182
388500178
388500176
388500174
388500172
388500170
388500158
388500156
388500154
388500152
388500148
388500146
388500134
388500130
388500128
388500124
388500122
388500120
388500116
388500114
388500102
388500096
388500094
388500092
388500086
388500076
388500070
388500068
388500066
388500064
388500062
388500060
388500058
388500052
388500046
388500040
388500038
388500034
388500032
388500030
388500028
388500026
388500022
388500016
388500014
388500010
388500008
388499996
388499994
388499992
388499990
388499988
388499984
388499982
388499974
388499970
388499968
388499966
388499964
388499962
388499958
388499956
388499952
388499950
388499942
388499938
388499936
388499932
388499930
388499928
388499926
388499924
388499916
388499906
388499900
388499898
388499896
388499892
388499886
388499882
388499880
388499874
388499872
388499870
388499864
388499860
388499858
388499856
388499852
388499842
388499838
388499828
388499818
388499816
388499814
388499812
388499810
388499806
388499798
388499792
388499786
388499784
388499776
388499770
388499768
388499764
388499762
388499760
388499758
388499756
388499754
388499748
388499746
388499742
388499740
388499738
388499736
388499732
388499726
388499720
388499718
388499708
388499704
388499702
388499698
388499696
388499694
388499688
388499680
388499678
388499664
388499662
388499658
388499656
388499652
388499642
388499640
388499636
388499634
388499626
388499624
388499622
388499618
388499616
388499612
388499602
388499600
388499598
388499596
388499594
388499590
388499584
388499576
388499574
388499572
388499570
388499568
388499564
388499560
388499558
388499554
388499552
388499540
388499536
388499530
388499528
388499524
388499522
388499518
388499516
388499514
388499502
388499496
388499482
388499480
388499478
388499472
388499466
388499464
388499462
388499460
388499456
388499452
388499446
388499442
388499438
388499436
388499432
388499430
388499424
388499422
388499420
388499416
388499414
388499412
388499408
388499406
388499404
388499402
388499394
388499388
388499386
388499370
388499368
388499366
388499362
388499360
388499358
388499356
388499346
388499344
388499340
388499338
388499332
388499322
388499312
388499310
388499308
388499302
388499298
388499294
388499292
388499290
388499288
388499286
388499284
388499282
388499280
388499276
388499268
388499266
388499264
388499262
388499260
388499258
388499254
388499250
388499246
388499244
388499242
388499236
388499232
388499230
388499228
388499226
388499222
388499220
388499212
388499210
388499206
388499200
388499196
388499188
388499186
388499182
388499180
388499178
388499174
388499170
388499168
388499164
388499162
388499160
388499156
388499150
388499148
388499142
388499138
388499128
388499126
388499124
388499122
388499112
388499110
388499102
388499100
388499098
388499096
388499094
388499092
388499088
388499086
388499078
388499072
388499070
388499068
388499066
388499062
388499056
388499052
388499050
388499048
388499046
388499044
388499040
388499038
388499034
388499022
388499020
388499014
388499000
388498998
388498992
388498984
388498980
388498978
388498976
388498966
388498964
388498960
388498958
388498956
388498952
388498944
388498942
388498940
388498938
388498936
388498928
388498922
388498920
388498918
388498916
388498912
388498908
388498896
388498890
388498888
388498884
388498880
388498874
388498868
388498866
388498862
388498858
388498856
388498844
388498842
388498840
388498838
388498836
388498832
388498828
388498826
388498824
388498820
388498816
388498810
388498808
388498802
388498798
388498796
388498794
388498790
388498788
388498786
388498784
388498782
388498778
388498776
388498774
388498772
388498766
388498764
388498762
388498760
388498756
388498752
388498748
388498746
388498740
388498738
388498736
388498732
388498728
388498724
388498720
388498718
388498716
388498710
388498708
388498706
388498704
388498700
388498698
388498688
388498686
388498682
388498680
388498678
388498674
388498672
388498670
388498668
388498664
388498660
388498658
388498654
388498652
388498650
388498648
388498644
388498642
388498628
388498624
388498620
388498614
388498612
388498608
388498606
388498604
388498598
388498596
388498592
388498584
388498580
388498576
388498574
388498570
388498568
388498564
388498560
388498552
388498550
388498548
388498546
388498542
388498534
388498532
388498524
388498522
388498518
388498512
388498506
388498502
388498498
388498496
388498494
388498484
388498476
388498472
388498468
388498464
388498456
388498454
388498450
388498448
388498442
388498438
388498436
388498432
388498424
388498422
388498420
388498418
388498416
388498408
388498406
388498404
388498402
388498398
388498396
388498394
388498392
388498390
388498384
388498380
388498374
388498370
388498368
388498366
388498364
388498362
388498356
388498350
388498336
388498334
388498332
388498328
388498326
388498320
388498318
388498316
388498314
388498312
388498310
388498308
388498306
388498298
388498290
388498288
388498282
388498280
388498276
388498264
388498262
388498260
388498258
388498254
388498252
388498248
388498246
388498232
388498230
388498224
388498216
388498214
388498212
388498210
388498208
388498206
388498204
388498198
388498196
388498194
388498192
388498186
388498180
388498178
388498176
388498174
388498168
388498166
388498164
388498162
388498158
388498152
388498148
388498146
388498144
388498140
388498138
388498126
388498122
388498120
388498114
388498110
388498106
388498100
388498098
388498096
388498092
388498088
388498086
388498082
388498078
388498074
388498070
388498068
388498066
388498062
388498056
388498048
388498046
388498040
388498038
388498030
388498024
388498016
388498014
388498010
388498004
388498002
388498000
388497996
388497992
388497988
388497984
388497982
388497968
388497954
388497952
388497948
388497946
388497944
388497938
388497936
388497930
388497926
388497924
388497922
388497918
388497916
388497914
388497908
388497906
388497902
388497898
388497894
388497890
388497888
388497880
388497878
388497876
388497870
388497862
388497854
388497852
388497842
388497840
388497834
388497830
388497828
388497820
388497816
388497804
388497802
388497796
388497792
388497788
388497784
388497782
388497778
388497772
388497770
388497766
388497764
388497762
388497758
388497756
388497754
388497750
388497748
388497746
388497744
388497736
388497734
388497732
388497730
388497728
388497726
388497722
388497718
388497716
388497710
388497708
388497704
388497702
388497696
388497690
388497686
388497684
388497682
388497680
388497678
388497676
388497674
388497668
388497666
388497660
388497656
388497654
388497652
388497650
388497648
388497646
388497640
388497632
388497630
388497622
388497620
388497618
388497610
388497606
388497600
388497598
388497592
388497586
388497562
388497554
388497548
388497546
388497542
388497538
388497534
388497532
388497530
388497526
388497520
388497518
388497514
388497512
388497510
388497506
388497504
388497500
388497488
388497486
388497478
388497476
388497474
388497472
388497468
388497466
388497464
388497458
388497456
388497454
388497452
388497450
388497448
388497446
388497442
388497438
388497434
388497432
388497430
388497428
388497422
388497416
388497414
388497410
388497408
388497406
388497404
388497402
388497400
388497394
388497388
388497384
388497382
388497378
388497376
388497368
388497366
388497362
388497358
388497356
388497354
388497352
388497350
388497348
388497346
388497342
388497340
388497338
388497336
388497334
388497332
388497330
388497326
388497316
388497300
388497298
388497294
388497288
388497272
388497270
388497266
388497264
388497262
388497260
388497258
388497246
388497236
388497234
388497232
388497230
388497226
388497224
388497222
388497220
388497216
388497212
388497208
388497204
388497202
388497200
388497198
388497194
388497188
388497180
388497174
388497172
388497170
388497166
388497164
388497162
388497160
388497156
388497154
388497148
388497142
388497140
388497138
388497136
388497134
388497132
388497128
388497126
388497122
388497120
388497114
388497112
388497110
388497108
388497104
388497098
388497096
388497094
388497090
388497086
388497080
388497078
388497076
388497074
388497072
388497068
388497060
388497054
388497052
388497046
388497044
388497042
388497038
388497032
388497030
388497024
388497016
388497014
388497004
388497002
388497000
388496998
388496994
388496990
388496988
388496986
388496984
388496974
388496968
388496966
388496964
388496958
388496956
388496952
388496946
388496944
388496942
388496938
388496934
388496928
388496926
388496920
388496912
388496910
388496900
388496892
388496888
388496884
388496876
388496872
388496870
388496866
388496864
388496862
388496858
388496856
388496850
388496840
388496836
388496832
388496824
388496818
388496814
388496812
388496810
388496808
388496806
388496804
388496802
388496800
388496798
388496796
388496792
388496790
388496788
388496782
388496774
388496770
388496768
388496756
388496746
388496742
388496740
388496738
388496736
388496730
388496724
388496720
388496718
388496716
388496706
388496704
388496698
388496690
388496688
388496674
388496664
388496658
388496656
388496654
388496652
388496648
388496646
388496640
388496632
388496630
388496626
388496620
388496618
388496610
388496608
388496600
388496598
388496594
388496590
388496588
388496586
388496582
388496580
388496576
388496574
388496568
388496566
388496562
388496560
388496558
388496556
388496554
388496546
388496536
388496534
388496530
388496526
388496520
388496518
388496516
388496514
388496506
388496504
388496502
388496500
388496496
388496494
388496490
388496488
388496480
388496474
388496470
388496468
388496466
388496464
388496458
388496456
388496452
388496450
388496444
388496442
388496426
388496424
388496414
388496412
388496410
388496408
388496406
388496398
388496392
388496390
388496384
388496376
388496372
388496370
388496366
388496364
388496362
388496360
388496358
388496356
388496354
388496350
388496348
388496346
388496336
388496330
388496328
388496316
388496314
388496308
388496302
388496298
388496296
388496294
388496292
388496288
388496286
388496280
388496278
388496274
388496264
388496262
388496258
388496252
388496250
388496246
388496244
388496242
388496240
388496238
388496230
388496220
388496206
388496204
388496198
388496192
388496190
388496184
388496176
388496174
388496172
388496170
388496168
388496166
388496162
388496160
388496158
388496150
388496146
388496144
388496142
388496140
388496136
388496132
388496130
388496128
388496126
388496124
388496112
388496108
388496106
388496102
388496100
388496098
388496092
388496090
388496080
388496070
388496062
388496060
388496056
388496054
388496050
388496042
388496040
388496036
388496034
388496028
388496018
388496014
388496012
388496008
388496004
388496002
388495990
388495988
388495986
388495982
388495976
388495974
388495968
388495966
388495964
388495960
388495958
388495954
388495952
388495948
388495946
388495944
388495936
388495932
388495928
388495924
388495920
388495918
388495914
388495912
388495910
388495904
388495900
388495898
388495892
388495890
388495884
388495880
388495876
388495870
388495868
388495864
388495860
388495858
388495852
388495850
388495846
388495844
388495842
388495838
388495836
388495834
388495832
388495830
388495828
388495824
388495820
388495818
388495814
388495812
388495810
388495804
388495798
388495794
388495790
388495786
388495780
388495774
388495770
388495768
388495762
388495748
388495736
388495734
388495732
388495730
388495726
388495724
388495722
388495718
388495710
388495708
388495702
388495696
388495688
388495680
388495678
388495676
388495674
388495668
388495666
388495664
388495660
388495648
388495646
388495636
388495632
388495630
388495622
388495616
388495614
388495612
388495610
388495606
388495604
388495598
388495592
388495586
388495582
388495580
388495578
388495576
388495574
388495566
388495564
388495562
388495560
388495552
388495550
388495548
388495546
388495544
388495542
388495540
388495538
388495536
388495530
388495514
388495508
388495506
388495502
388495492
388495490
388495488
388495484
388495482
388495480
388495478
388495474
388495470
388495468
388495462
388495452
388495444
388495438
388495436
388495428
388495424
388495422
388495420
388495412
388495406
388495404
388495390
388495388
388495380
388495374
388495370
388495366
388495364
388495360
388495358
388495354
388495352
388495350
388495346
388495342
388495340
388495334
388495332
388495316
388495312
388495298
388495290
388495286
388495278
388495276
388495274
388495272
388495270
388495268
388495264
388495262
388495254
388495252
388495248
388495246
388495238
388495234
388495232
388495230
388495218
388495212
388495210
388495208
388495204
388495202
388495194
388495192
388495188
388495184
388495178
388495176
388495174
388495172
388495162
388495160
388495156
388495154
388495152
388495144
388495142
388495136
388495132
388495128
388495118
388495116
388495114
388495104
388495100
388495098
388495096
388495094
388495086
388495082
388495078
388495076
388495074
388495068
388495066
388495064
388495062
388495060
388495058
388495054
388495048
388495044
388495040
388495034
388495028
388495022
388495020
388495016
388495012
388495010
388495006
388495000
388494996
388494990
388494988
388494986
388494980
388494978
388494966
388494962
388494950
388494948
388494938
388494926
388494924
388494916
388494914
388494912
388494910
388494906
388494898
388494890
388494882
388494880
388494878
388494874
388494868
388494866
388494864
388494856
388494854
388494852
388494850
388494846
388494840
388494838
388494820
388494814
388494810
388494806
388494804
388494802
388494800
388494796
388494794
388494792
388494782
388494776
388494772
388494770
388494766
388494762
388494758
388494748
388494740
388494738
388494728
388494722
388494720
388494714
388494710
388494708
388494702
388494698
388494696
388494686
388494684
388494680
388494676
388494672
388494670
388494668
388494664
388494656
388494652
388494650
388494648
388494646
388494644
388494640
388494636
388494634
388494624
388494620
388494612
388494610
388494606
388494604
388494596
388494594
388494592
388494588
388494586
388494580
388494578
388494574
388494572
388494570
388494568
388494566
388494558
388494554
388494538
388494536
388494534
388494530
388494522
388494516
388494512
388494508
388494504
388494502
388494500
388494498
388494496
388494492
388494484
388494482
388494478
388494474
388494470
388494468
388494464
388494462
388494460
388494458
388494450
388494444
388494440
388494434
388494432
388494426
388494420
388494418
388494412
388494408
388494404
388494402
388494396
388494394
388494390
388494384
388494380
388494360
388494352
388494350
388494348
388494344
388494342
388494334
388494332
388494326
388494324
388494318
388494312
388494310
388494308
388494306
388494304
388494302
388494300
388494298
388494286
388494280
388494272
388494264
388494262
388494260
388494256
388494250
388494242
388494240
388494238
388494236
388494234
388494230
388494228
388494226
388494224
388494220
388494214
388494212
388494208
388494204
388494200
388494194
388494192
388494188
388494186
388494184
388494182
388494178
388494176
388494174
388494172
388494168
388494166
388494164
388494160
388494156
388494154
388494150
388494148
388494140
388494132
388494116
388494112
388494108
388494104
388494098
388494096
388494094
388494092
388494090
388494088
388494080
388494072
388494066
388494060
388494058
388494050
388494048
388494036
388494034
388494030
388494028
388494024
388494022
388494018
388494014
388494010
388494004
388494002
388493998
388493996
388493994
388493992
388493990
388493988
388493980
388493974
388493972
388493964
388493954
388493942
388493940
388493934
388493932
388493918
388493908
388493902
388493898
388493890
388493888
388493884
388493880
388493878
388493874
388493872
388493868
388493864
388493862
388493858
388493856
388493852
388493850
388493848
388493846
388493844
388493842
388493840
388493838
388493834
388493832
388493830
388493828
388493824
388493822
388493818
388493814
388493810
388493802
388493796
388493794
388493792
388493790
388493788
388493786
388493780
388493776
388493770
388493762
388493758
388493754
388493752
388493748
388493746
388493732
388493726
388493724
388493718
388493716
388493714
388493708
388493702
388493700
388493694
388493686
388493682
388493678
388493672
388493670
388493668
388493658
388493654
388493650
388493642
388493634
388493628
388493626
388493622
388493618
388493616
388493606
388493604
388493602
388493600
388493598
388493594
388493588
388493586
388493584
388493578
388493570
388493564
388493562
388493550
388493542
388493540
388493536
388493534
388493532
388493530
388493518
388493514
388493510
388493500
388493492
388493490
388493488
388493484
388493480
388493472
388493470
388493468
388493466
388493464
388493462
388493460
388493456
388493452
388493450
388493444
388493442
388493440
388493434
388493430
388493428
388493422
388493420
388493418
388493414
388493412
388493410
388493408
388493406
388493404
388493400
388493398
388493392
388493390
388493384
388493382
388493378
388493376
388493374
388493368
388493366
388493364
388493360
388493352
388493348
388493346
388493340
388493338
388493336
388493330
388493326
388493324
388493320
388493314
388493312
388493310
388493306
388493304
388493302
388493292
388493290
388493282
388493276
388493270
388493268
388493258
388493256
388493254
388493252
388493250
388493236
388493234
388493232
388493230
388493228
388493226
388493224
388493222
388493208
388493206
388493204
388493196
388493190
388493188
388493182
388493180
388493178
388493176
388493174
388493172
388493170
388493168
388493164
388493162
388493160
388493148
388493144
388493136
388493134
388493130
388493128
388493124
388493114
388493106
388493104
388493102
388493084
388493078
388493066
388493056
388493054
388493050
388493048
388493046
388493044
388493034
388493030
388493024
388493014
388493010
388493008
388493004
388493002
388493000
388492996
388492994
388492990
388492976
388492968
388492964
388492958
388492956
388492952
388492950
388492948
388492944
388492940
388492936
388492926
388492922
388492920
388492914
388492912
388492910
388492908
388492900
388492896
388492892
388492884
388492880
388492874
388492872
388492866
388492850
388492848
388492846
388492844
388492834
388492828
388492826
388492824
388492822
388492820
388492818
388492812
388492810
388492808
388492806
388492804
388492800
388492798
388492796
388492786
388492784
388492782
388492780
388492774
388492764
388492758
388492754
388492752
388492748
388492744
388492740
388492738
388492736
388492734
388492732
388492728
388492726
388492714
388492710
388492708
388492696
388492694
388492692
388492690
388492688
388492686
388492682
388492680
388492678
388492676
388492674
388492670
388492668
388492666
388492664
388492658
388492654
388492652
388492650
388492648
388492644
388492642
388492640
388492636
388492634
388492630
388492628
388492626
388492624
388492620
388492612
388492610
388492608
388492606
388492604
388492602
388492600
388492590
388492588
388492586
388492584
388492580
388492568
388492566
388492564
388492562
388492556
388492552
388492550
388492548
388492546
388492542
388492534
388492528
388492524
388492522
388492520
388492518
388492514
388492510
388492508
388492504
388492490
388492488
388492486
388492478
388492474
388492470
388492466
388492464
388492462
388492456
388492454
388492438
388492436
388492434
388492432
388492426
388492424
388492422
388492418
388492416
388492414
388492400
388492392
388492390
388492388
388492386
388492376
388492368
388492366
388492362
388492360
388492356
388492352
388492350
388492348
388492344
388492334
388492330
388492328
388492322
388492320
388492312
388492310
388492306
388492304
388492302
388492300
388492298
388492296
388492294
388492292
388492288
388492286
388492284
388492280
388492268
388492264
388492256
388492250
388492242
388492240
388492232
388492228
388492222
388492220
388492216
388492212
388492198
388492196
388492192
388492188
388492178
388492176
388492172
388492166
388492158
388492156
388492154
388492146
388492144
388492138
388492134
388492132
388492126
388492124
388492116
388492114
388492106
388492104
388492102
388492100
388492098
388492092
388492090
388492088
388492086
388492084
388492080
388492078
388492076
388492074
388492072
388492070
388492066
388492060
388492058
388492056
388492050
388492048
388492044
388492040
388492036
388492034
388492026
388492022
388492020
388492012
388492010
388492008
388492004
388492002
388492000
388491998
388491992
388491988
388491984
388491978
388491976
388491972
388491968
388491966
388491962
388491952
388491950
388491946
388491942
388491940
388491932
388491928
388491922
388491918
388491916
388491912
388491908
388491906
388491894
388491886
388491884
388491874
388491868
388491866
388491862
388491858
388491856
388491854
388491852
388491850
388491846
388491844
388491838
388491836
388491834
388491832
388491830
388491826
388491824
388491818
388491816
388491812
388491808
388491806
388491804
388491802
388491800
388491798
388491796
388491792
388491780
388491776
388491772
388491766
388491764
388491762
388491760
388491758
388491754
388491750
388491748
388491744
388491742
388491730
388491726
388491724
388491720
388491716
388491710
388491706
388491704
388491700
388491694
388491692
388491690
388491688
388491684
388491682
388491674
388491666
388491664
388491662
388491660
388491658
388491656
388491654
388491652
388491650
388491648
388491646
388491642
388491640
388491638
388491632
388491626
388491622
388491620
388491618
388491608
388491606
388491604
388491602
388491600
388491598
388491588
388491586
388491584
388491582
388491580
388491578
388491570
388491568
388491566
388491564
388491546
388491542
388491538
388491536
388491530
388491528
388491522
388491514
388491512
388491510
388491506
388491502
388491498
388491492
388491490
388491486
388491484
388491472
388491468
388491466
388491464
388491462
388491458
388491452
388491440
388491436
388491428
388491426
388491424
388491416
388491412
388491410
388491406
388491400
388491396
388491392
388491390
388491386
388491382
388491380
388491376
388491372
388491370
388491366
388491360
388491356
388491352
388491350
388491342
388491340
388491336
388491334
388491328
388491326
388491322
388491320
388491316
388491314
388491312
388491310
388491304
388491302
388491300
388491298
388491296
388491290
388491286
388491282
388491266
388491264
388491262
388491254
388491252
388491250
388491242
388491236
388491234
388491232
388491226
388491224
388491218
388491216
388491214
388491212
388491210
388491208
388491206
388491204
388491202
388491200
388491196
388491194
388491182
388491180
388491174
388491172
388491170
388491168
388491166
388491160
388491156
388491152
388491150
388491136
388491130
388491128
388491120
388491116
388491112
388491108
388491106
388491104
388491098
388491096
388491094
388491092
388491090
388491088
388491084
388491080
388491076
388491074
388491070
388491066
388491064
388491058
388491052
388491048
388491046
388491042
388491040
388491034
388491032
388491030
388491026
388491024
388491022
388491020
388491018
388491014
388491012
388491010
388491006
388491004
388491002
388490998
388490994
388490992
388490990
388490988
388490982
388490980
388490978
388490976
388490974
388490972
388490968
388490966
388490958
388490956
388490954
388490952
388490946
388490944
388490938
388490936
388490934
388490932
388490930
388490928
388490924
388490922
388490918
388490914
388490912
388490900
388490896
388490894
388490892
388490890
388490888
388490878
388490876
388490874
388490872
388490860
388490858
388490856
388490852
388490844
388490836
388490834
388490826
388490824
388490822
388490820
388490818
388490816
388490810
388490804
388490802
388490798
388490796
388490786
388490784
388490780
388490778
388490776
388490770
388490768
388490766
388490764
388490762
388490760
388490758
388490756
388490754
388490750
388490748
388490746
388490744
388490734
388490726
388490722
388490706
388490704
388490700
388490696
388490694
388490692
388490688
388490686
388490684
388490682
388490668
388490664
388490660
388490654
388490652
388490650
388490646
388490642
388490638
388490636
388490632
388490624
388490614
388490612
388490610
388490608
388490606
388490604
388490598
388490594
388490590
388490580
388490578
388490572
388490570
388490566
388490564
388490556
388490554
388490548
388490546
388490540
388490538
388490536
388490534
388490522
388490518
388490516
388490512
388490510
388490508
388490504
388490498
388490494
388490488
388490486
388490484
388490480
388490478
388490476
388490474
388490472
324028908
385274870
378745366
378745364
323650793
331271992
331271990
380447765
380447763
380447761
50657594
332713917
355346202
355346200
372471326
374346131
319718203
319718201
319718199
319718197
319718195
371753857
371940462
357640304
356582744
356582742
353677868
346425853
346425851
339790773
336088213
152955981
152955979
294516726
323575359
323575357
323575355
323575353
159885733
159885731
208609065
208609062
208609060
208609057
208609055
208609053
208609051
208609049
37778509
37778505
138352732
224994136
224994134
224994132
27464259
311818580
308731387
220966840
300647154
300647134
300647042
300643940
300643920
300643828
300642363
300642343
300642251
300638748
300638728
300638636
300626729
300626709
300626617
300591961
300591771
300557529
300117047
300117045
50898180
49617335
49617333
47156051
47156049
38194466
37702686
1947046
298553243
298547025
298532508
298201172
296523842
295421997
295415756
66932877
291048206
90421408
90421406
82409051
62754262
37930463
37681498
37681494
36957233
36957216
36957198
36957183
36957170
34484369
34484367
33286859
32435788
31322044
28624856
28194508
28194506
20467249
14517816
14486707
14486705
10952510
9082287
9082285
6006795
4973278
4973276
4336436
4336434
3695063
3695061
3695059
3329366
2586171
2367431
2367429
2367418
290490606
290490604
290490602
290490600
290490598
290490596
290490594
290490592
290490590
290490588
290490586
290490584
290490582
290490580
290490578
290490576
290490574
290490572
290490570
290490568
290490566
290490564
290490562
290490560
244539475
244539473
244539471
225030814
225030812
225030810
225030808
225030806
225030804
223702444
223702442
223702440
223702438
223702436
223702434
223702432
223702430
223702428
223702426
223702424
223702422
223702420
223702418
223702416
223702414
223702412
223702410
223702408
223702406
223702404
223702402
223702400
223702398
223702396
221272640
221272638
221272636
221272634
206712296
206712294
206712292
206712290
206712288
206712286
206712284
206712282
283132377
283132375
283132373
283132371
283132367
283132365
283132363
283132361
283132359
227345480
219522100
219522098
213399769
90421410
283132369
283132357
72256517
67633223
66732627
62208143
60476422
60476420
60476418
60476416
60476414
60476412
60476410
60476408
60100358
60100356
60100354
60100352
60100348
60100346
60100344
60100342
60100340
60100338
60100334
78214558
78214556
78214554
78214552
66732625
66732623
60100350
60100336
21622628
18266053
15799272
57545061
51949820
50659121
37575147
37222544
268607430
254749430
254749428
259708584
259708396
259665886
259460454
259460434
259460342
259448192
259448172
259447485
259447465
259446331
259445617
259429708
259429688
259429596
259422360
259422340
259422248
257736860
257733530
257733528
257732630
257731486
257730640
257730638
257730628
257730626
257730624
257727445
257725149
257725029
257725027
257725025
257714962
257714960
257714462
257714458
257713916
257713912
257713278
257694665
257694651
257694649
257693060
257693058
257693056
257693054
257690497
257690253
257687569
257684328
257683274
257682604
257682432
257682430
257673888
257671290
257671288
257670388
257670386
257670122
257670120
257670118
257669876
257669872
257666001
257665667
257665665
257657165
257656173
257646194
257644948
257644946
257643950
257643948
257643946
257641684
257640137
257636424
257633275
257625877
257623313
257354180
257354178
257354176
257352326
257317854
257317852
257303919
257303905
257303903
257342327
257331807
257331805
257329879
257306161
257306159
257305711
257303357
257303355
257302509
253786660
253784794
205277480
152955225
152955223
152955221
223588272
223588270
239914062
211970690
232782268
227478345
227478339
227478309
227478307
227477599
227477593
227477563
227477561
227476070
227476068
227476066
227467756
227467696
227467694
227467692
227467678
227467676
226884022
226884016
225735545
169881233
169881229
221063676
221063674
219986436
219985498
219983646
219983287
219980050
219977772
219977256
219974131
219973292
219973290
219972910
219972908
219972906
219942532
219940857
219940855
219935836
219935716
219935714
219935712
219935189
219930292
219929766
219929764
219929762
219929760
219928784
219928782
219928772
219928770
219928768
219923826
219923716
219923714
219921469
219921455
219921453
219916084
219910573
219907347
219897668
219801749
219801745
219797200
219797198
219785009
219785007
219785005
219772594
219772592
219764162
219764148
219764146
219757811
219749430
219747936
219734669
219726242
219726240
219725402
156447779
215598285
213509594
213509574
213509482
212290099
212290096
212290090
212290087
209968966
209570222
209570220
164605542
164605541
164605540
164605539
164605538
164605537
164605536
164605535
164605534
164605533
164605532
164605531
164605530
164605529
164605528
164605527
164605526
164605525
164605524
164605523
164605522
164605521
164605520
164605519
164605518
164605517
164605516
164605515
164605514
164564753
164564752
164564751
164564750
164564749
164564748
164564747
164564746
164564744
164564743
164564742
164564741
164564740
164564739
164564738
164564736
164564735
164564734
164564733
164564732
164564731
164564730
164564729
164564727
164564726
163914235
163644224
163644223
163644220
208081617
28172870
206994114
206994096
197209812
197209778
197209776
171986594
67773368
193237591
193237589
193237587
193237585
193237583
193237581
193237579
193237577
193237575
193237573
193237571
193237569
193237567
193237565
193237563
193237561
193237559
193237557
193237555
193237553
118140478
118140476
189047086
188573187
188573185
169409944
169409938
162568625
162568623
187611215
170676395
170676393
25956278
25956276
25956275
25956274
25956273
25956272
25956270
25956269
25956268
25956267
25956266
163937813
13359041
13359040
13359039
13359038
13359037
13359036
13359035
13359034
13359033
13359032
13359031
13359030
13359029
13359028
13359027
13359026
13359025
13359024
13359023
13359022
13359021
13359020
13359019
13359018
13359017
13359016
13359015
13359014
13359013
13359012
13359011
13359010
13359009
13359008
13359007
13359006
13359005
13359004
13359003
13359002
13359001
13359000
13358999
13358998
13358997
13358996
13358995
13358994
13358993
13358992
13358991
13358990
13358989
13358988
13358987
13358986
13358985
13358984
13358983
13358982
13358981
13358980
13358979
13358978
13358977
13358976
13358975
13358974
13358972
13358971
13358970
13358969
13358968
13358967
13358966
13358965
13358964
13358963
13358962
13358961
13358960
13358959
158997742
158702919
158516788
158516786
157886880
90954408
90954404
90954402
46402896
46402894
46402892
46402890
33521626
32441511
154425468
144905116
144905112
144905108
144905104
118142402
118142400
118142398
118142396
118142394
118142392
118142390
118142388
118142386
118142384
148839039
123720792
67773366
128168568
128168562
126153733
126153731
113911570
84570613
84570611
121309832
121309520
40362466
40362465
40362463
118764601
117518704
117518700
117518689
110084569
116634230
116634228
83423284
40241253
37651060
37651058
24940156
15485716
10637893
6453569
2073450
2073449
2073448
1771195
517356
116077992
116077990
116077988
116077986
116077984
116077982
116077980
83016477
83016474
63108680
63108679
26892201
112362444
110456200
92109224
92109222
92109220
92109218
92109216
109729905
91982114
108743269
108743267
83016479
77799656
77799654
77799652
77799650
77799648
73661157
73661155
73661153
73661151
73661149
73661147
62867357
62867355
62867353
62867351
62867349
62867347
62857022
62857020
62857018
62857016
62857014
62857012
62857010
62857008
62857006
58430449
58430447
58430445
58430443
57834178
57281695
51534948
51534946
50725024
45476488
45476486
42600552
42600550
30024602
30024600
30024598
28804596
28208268
27753609
27530707
27530603
27530601
23503558
23503556
23503554
23503552
23496521
23496519
23496517
18150857
11414898
11230993
11230991
11230989
7415996
7415992
3164220
90421412
50659119
83423282
83318896
6448579
78183249
78183247
78183245
78183243
78183241
34495199
34495197
28268584
15485718
8247460
8247458
2117168
1370205
1370203
1370201
1370198
1370196
1370194
1370192
1370190
1370188
1370186
1370184
1370182
1370180
1370178
1370176
1370174
1370172
1370170
1370168
1370166
1370164
1370162
1370160
1370158
1370156
1370154
1370152
1370150
1370148
1370146
1370144
1370142
63087716
60496834
2292921
1246768
1122288
897773
897771
499078
51587340
33945887
33945886
33945885
33945884
33945883
33945882
33945880
33945879
33945878
33945877
33945876
33945875
30140331
29373952
28804193
28625017
28301674
24940158
33468532
33468530
51587334
55956984
51587338
51587336
50837679
46409004
32127690
40643300
40643298
40241245
37651076
37651074
37651064
37651062
33945873
28802926
21726933
18413491
13539545
9968473
4138135
4138133
4138131
558545
