221272387
221222699
221222603
218546884
218527912
193805948
190360069
75312214
75312213
75293566
2501494
726969667
726969665
726969663
726969661
726969659
726969657
726969655
726969653
726969651
726969649
723899939
723899922
723899907
723899896
723899881
723899863
224493281
218527852
218527781
215275515
215275015
215274914
212288328
212288297
212277650
212277639
209573612
205831453
205831401
205692006
190358679
190358184
288561951
288558942
223635706
223635390
223635029
223634982
221272332
221272294
221272250
218546862
218546812
218526579
215275724
215275575
215275456
215275059
215274756
215274712
205829339
205413003
193806424
193806246
6015058
3914608
2833388
1708279
226741516
212288144
700259169
700259053
700258943
700258833
700258725
700258624
700258515
700258405
700258299
700258185
700258073
700257963
700257859
700257749
700257639
700257529
700257417
700257307
700257209
700257014
700256906
700256795
700256687
700256576
700256464
700256362
700256260
700256154
700256043
700255933
700255821
700255713
700255611
700255497
700255385
700255272
700255175
700255074
700254966
700254857
700254750
700254648
700254536
700254420
700254310
700254196
700254094
700253982
700253876
700253772
700253664
700253558
700253452
700253336
700253226
700253116
700253002
700252891
20138704
2501492
2501491
2501496
2501495
2501493
672443608
672443606
672443604
672443602
672353412
672094948
661346120
661346112
661346104
661346097
659225529
659225507
659225489
656991274
404435527
404435525
384371332
384371324
384371322
375300670
629511606
629511603
629511601
629511599
629511597
629511595
592928480
523485451
523485444
590107108
582890072
582890070
576746214
530409011
530409007
530409004
375304251
375304249
496474783
496474768
496474762
496474748
496474741
496474733
496474729
496474724
496474716
496474708
496474696
496474679
496474667
496474645
496474634
442022546
442022520
442022496
442022471
442022447
442022419
442022409
442022407
442022405
442022403
442022401
442022399
442022397
442022395
398330174
398330172
398330170
313585374
313585372
313585370
313585368
313585366
313585364
313585362
313585360
313585358
313585356
313585354
313585352
313585350
558615269
558615267
558615265
558615263
395758594
395758592
532525784
532525782
532525780
532525778
532525774
532525772
532525770
532525768
532525766
532525764
532525762
532525760
532525758
532525756
532525754
532525752
532525750
532525748
532525746
532525744
532525742
532525740
532525738
532525736
532525730
532525728
532525726
532525724
532525722
532525720
532525718
532525716
532525714
532525712
532525710
532525708
532525706
532525704
532525702
532525700
532525698
532525696
532525694
532525692
532525690
532525688
532525686
532525684
532525682
532525680
532525674
532525672
532525670
532525668
532525666
532525664
532525662
532525660
532525658
532525656
532525654
532525652
532525650
532525648
532525646
532525644
532525642
532525640
532525638
407909956
404435523
384371338
384371336
384371334
384371330
384371328
384371326
375300672
347949208
528746073
478622006
478622004
478622002
478622000
478621998
332713934
15826780
15826779
356968740
356968738
392311557
392311556
392311555
392311554
392311553
392311552
392311551
392311550
392311549
392311548
392311547
392311546
18158761
18158760
18158759
18158758
15826778
15826777
12084593
12084592
12084591
12084590
12084589
12084588
407280639
171259285
169794135
169794134
169794133
169794132
169794131
169794130
169794129
169794128
169794127
169794126
169794125
169794124
169794123
169794122
169794121
169794120
169794119
169794118
169794117
169794116
169794115
169794114
169794113
169794112
169794111
169794110
169794109
169794108
169794107
169794106
169794105
169794104
169794103
169794102
169794101
169794100
169794099
169794098
169794097
169794096
169794095
169794094
169794093
169794092
169794091
169794090
169794089
169794088
169794087
169794086
169794085
169794084
169794083
169794082
169794081
169794080
169794079
169794078
169794077
169794076
169794075
169794074
169794073
169794072
169794071
169794070
169794068
169794067
169794066
169794065
169794064
169794063
169794062
169794061
169794060
169794059
169794058
169794057
169794056
169794055
169794054
169794053
384590539
384590537
384590535
384582477
384582475
384582473
401671625
349891714
378750401
378750399
378750397
378750395
378408636
289546597
74476787
62526577
62526571
13094965
377644000
315440435
157690136
157689856
157689855
157689854
157689853
157689518
157689314
347596005
346682867
346682865
343175396
340031656
262317344
262317342
262317338
262317336
262317332
262317330
262317318
262317278
262317136
262317126
262317121
262317119
262317109
262317107
262317041
262317039
291586121
311976515
300119980
300119978
307592511
307592509
307592507
307592505
307592503
307592501
307592499
296932725
296932723
296932721
296932719
296932717
296932715
296932713
296932711
296932709
206570689
206570687
157042584
157042582
157042580
157042578
152014427
74476783
5678809
5678808
5678807
5678806
5678805
5678804
5678803
5678802
5678801
5678800
5678799
5678798
5678797
5678796
5678795
5678793
5678789
5678788
5678787
5678783
5678782
5678781
5678780
5678779
309387111
308154462
262292935
262292933
262292931
262292929
262292927
262292925
262292923
71068360
71068358
300597569
300597567
56122690
56122688
56122686
56122684
56122682
55469815
50540929
249262
168363
298545803
298545655
298543893
298542565
295821001
295420977
295415342
14486430
14326459
14326457
14326455
291293223
291293221
291293219
291293217
67107029
171187576
171187574
162708007
162708002
37788142
37788136
30408024
30408022
30408020
30408015
30408013
30408009
30408007
30408005
30408003
30408001
30407999
28371850
28371848
28371846
28371844
28371842
28371840
28371838
28371836
28371834
28371831
28371829
28300303
28300299
21585695
16518436
14193251
14193249
14193247
14029184
13094963
8099682
7211797
6739530
6739527
6467503
5759096
5726592
2791834
2443454
6272551
6272550
6272549
6272548
6272547
259595086
282721276
282721274
282721272
282721270
74476789
74476785
68053506
67866502
30407997
56553510
56553508
53680376
53680374
53680371
53680369
53680367
53680365
53680363
53680361
52696502
51872349
51872347
51872345
37788140
37788138
3643121
3643117
193248106
259709438
259709436
157695947
157695946
157695945
157695944
157695943
157695942
157695941
157695940
157695939
157695938
157695937
157695936
157695935
157695934
157695933
157695932
157695931
157695930
157695929
157695928
157695927
157695926
157695925
157695924
157695923
157695922
157695921
157695920
157695919
157695918
157695917
157695916
157695915
157695914
157695913
157695912
157695911
157695910
157695909
157695908
157695907
157695906
157695905
157695904
157695903
157695902
157695901
157695900
157695899
157695898
157695897
157695896
157695895
157695894
157695893
157695892
157695891
157695890
157695889
157695888
157695887
157695886
157695885
157695884
157695883
157695882
157695881
157695880
157695879
157695878
157695877
157695876
157695875
157695874
157695873
157695872
157695871
157695870
157695869
157695868
157695867
157695866
157695865
257738648
257738466
257729470
257727333
257727331
257718091
257714086
257714082
257714074
257711777
257697924
257696354
257675629
257665110
257662334
257656907
257646292
257644154
257643600
257636416
257635094
257635092
257635088
257632845
257625869
257323545
257322655
257314276
257314274
257314270
257310942
257310254
257354532
257352713
257352643
257341004
257340650
257333598
257333594
257333586
257329523
257327249
257322176
257302759
257300785
257300355
257297788
257297784
257297776
257294176
257294174
257294170
162944253
162944251
162944249
162944247
162944245
162944243
162944241
227471944
219990079
219990077
219990073
219977954
219937447
219935592
219925231
219914698
219913052
219910769
219910633
219910565
219903309
219896878
219895509
219895507
219894943
219804354
219804117
219800993
219800991
219800987
219799552
219798132
219795996
219795994
219795990
219791897
219787383
219777513
219776362
219773008
219773004
219772996
219772379
219772375
219772367
219770667
219765714
219752891
219751215
219737050
219734375
219731070
219729416
218409329
157169069
157169067
185487419
182408102
164652579
162708010
90655945
154467195
150035042
150035040
62526589
62526587
62526585
62526583
62526581
62526579
62526575
62526573
62526569
62526567
119368072
119367980
118917510
117957299
117938452
117938450
117938448
2808464
2780225
1155090
71068362
74476791
1771261
396545
631916
313295
313293
1359931
458547
453255
453253
453251
453249
453246
437042
