391738023
391738017
700259179
700259065
700258953
700258843
700258734
700258632
700258527
700258415
700258309
700258197
700258085
700257977
700257867
700257759
700257651
700257541
700257429
700257319
700257122
700257024
700256805
700256697
700256588
700256474
700256372
700256270
700256164
700256055
700255941
700255833
700255723
700255621
700255509
700255395
700255284
700255187
700255084
700254976
700254867
700254758
700254658
700254548
700254430
700254320
700254208
700254102
700253994
700253888
700253780
700253674
700253568
700253462
700253350
700253238
700253124
700253016
700252901
685509852
685509850
685509848
685509846
507898929
573461777
565410652
565410650
565410648
565410646
565410644
426264370
426264368
426264366
426264364
426264362
426264360
523372267
390430453
390430451
390430449
390430447
390430445
390430443
390430441
390430439
390430437
390430435
390430433
390430431
390430429
390430427
390430425
390430423
390430421
390430419
390430417
390430415
390430413
390430411
390430409
390430407
390430405
390430403
390430401
390430399
390430397
390430395
390430393
390430391
390430389
390430387
390430385
390430383
390430381
390430379
390430377
390430375
390430373
390430371
390430369
390430367
390430365
390430363
390430361
390430359
390430357
390430355
390430353
390430351
390430349
390430347
390430345
390430343
390430341
390430339
390430337
390430335
390430333
390430331
390430329
390430327
390430325
390430323
390430321
390430319
390430317
390430315
390430313
390430311
390430309
390430307
390430305
390430303
390430301
390430299
390430297
390430295
390430293
390430225
390430223
390430205
390430162
390430160
390430158
390430156
390430154
390430152
390430150
390430148
390430146
390430144
390430142
390430140
390430138
390430136
390430134
390430132
390430130
390430128
390430126
390430124
390430122
390430120
390430118
390430116
390430114
390430112
390430110
390430108
390430106
390430104
390430102
390430100
390430098
390430096
390430094
390430092
390430090
390430088
390430086
390430084
390430082
390430080
390430078
390430076
390430074
390430072
390430070
390430068
390430066
390430064
390430062
390430060
390430058
390430056
390430054
390430052
390430050
390430048
390430046
390430044
390430042
390430040
390430038
390430036
390430034
390430032
390430030
390430028
390430026
390430024
390430022
390430020
390430018
390430016
390430014
390430012
390430010
390430008
390430006
390430004
390430002
390430000
390429998
390429996
390429994
390429992
390429990
390429988
390429986
390429984
390429982
390429980
390429978
390429976
390429974
390429972
390429970
390429968
390429966
390429964
390429962
390429960
390429958
390429956
390429954
390429952
390429950
390429948
390429946
390429944
390429942
390429940
390429938
390429936
390429934
390429932
390429930
390429928
390429926
390429924
390429922
390429920
390429918
390429916
390429914
390429912
390429910
390429908
390429906
390429904
390429902
390429900
390429898
390429896
390429894
390429892
390429890
390429888
390429886
390429884
390429882
390429880
390429878
390429876
390429874
390429872
390429870
390429868
390429866
390429864
390429862
390429860
390429858
390429856
390429854
390429852
390429850
390429848
390429846
390429844
390429842
390429840
390429838
390429836
390429834
390429832
390429830
390429828
390429826
390429824
390429822
390429820
390429818
390429816
390429814
390429812
390429810
390429808
390429806
390429804
390429802
390429800
390429798
390429796
390429794
390429792
390429790
390429788
390429786
390429784
390429782
390429780
390429778
390429776
390429774
390429772
390429770
390429768
390429766
390429764
390429762
390429760
390429758
390429756
390429754
390429752
390429750
390429748
390429746
390429744
390429742
390429740
390429738
390429736
390429734
390429732
390429730
390429728
390429726
390429724
390429722
390429720
390429718
390429716
390429714
390429712
390429710
390429708
390429706
390429704
390429702
390429700
390429698
390429696
390429694
390429692
390429690
390429688
390429686
390429684
390429682
390429680
390429678
390429676
390429674
390429672
390429670
390429668
390429666
390429664
390429662
390429660
390429658
390429656
390429654
390429652
390429650
390429648
390429646
390429644
390429642
390429640
390429638
390429636
390429634
390429632
390429630
390429628
390429626
390429624
390429622
390429620
390429618
390429616
390429614
390429612
390429610
390429608
390429606
390429604
390429602
390429600
390429598
390429596
390429594
390429592
390429590
390429588
390429586
390429584
390429582
440656944
345895281
345895280
345895279
345895278
345895277
345895276
345895275
345895274
345895273
345895272
345895271
345895270
345895269
345895268
345895267
345895266
345895265
345895264
345895263
345895262
345895261
345895260
345895259
345895258
345895257
345895256
345895255
345895254
345895253
345895252
345895251
345895250
345895249
345895248
345895247
345895246
345895245
345895244
345895243
345895242
345895241
345895240
345895239
345895238
345895237
345895236
345895235
345895234
345895233
345895232
345895231
345895230
345895229
345895228
345895227
345895226
345895225
345895224
345895223
345895222
345895221
345895220
345895219
345895218
345895217
345895216
345895215
345895214
345895213
345895212
345895211
345895210
345895209
345895208
345895207
345895206
345895205
345895204
345895203
345895202
345895201
345895200
345895199
345895198
345895197
393705993
393705991
393705989
393705987
393705985
393705983
393705981
393705979
393705977
393705975
393705973
393705971
393705969
393705967
393705965
393705963
393705961
393705957
393705955
393705953
393705951
393705949
393705947
393705945
393705943
393705941
393705939
393705937
393705935
393705933
393705873
393705829
393705827
393705825
393705823
393705821
393705819
393705817
393705815
393705813
393705811
393705809
393705807
393705805
393705803
393705801
393705799
393705797
393705795
393705793
393705791
393705789
393705787
393705785
393705783
393705781
393705779
393705777
393705775
393705773
393705771
393705769
393705767
393705765
393705763
393705761
393705759
393705757
393705755
393705753
393705751
393705749
393705747
393705745
393705743
393705741
393705739
393705737
393705735
393705733
393705731
393705729
393705727
393705725
393705723
393705713
393705711
393705709
393705707
393705705
393705703
393705701
393705699
393705697
393705695
393705693
393705691
393705689
393705687
393705685
393705683
393705681
393705679
393705677
393705675
393705673
393705671
393705669
393705667
393705665
393705663
393705661
393705659
393705657
393705655
393705653
393705651
393705649
393705647
393705645
393705643
393705641
393705639
393705637
393705514
393705512
393705510
393705400
393705398
393705396
393705394
393705392
393705390
393705388
393705386
393705384
393705382
393705301
393705299
393705223
393705221
393705219
393705217
393705215
393705213
393705211
393705209
393705207
393705205
393705203
393705201
393705199
393705197
393705195
393705193
393705191
393705189
393705187
393705185
393705183
393705181
393705179
393705177
393705175
393705173
393705171
393705169
393705167
393705165
393705163
393705161
393705159
393705155
393705153
393705151
393705149
393705147
393705145
393705143
393705141
393705139
393705137
393705135
393705133
393705131
393705129
393705127
393705125
393705123
393705121
393705119
393705117
393705115
393705113
393705111
393704987
393704985
393704983
393704981
393704846
393704844
393704842
393704840
393704838
393704836
393704834
393704832
393704830
393704828
393704826
393704824
393704822
393704820
393704818
393704816
393704814
393704812
393704810
393704808
393704806
393704804
393704802
393704800
393704798
393704796
393704794
393704792
393704790
393704788
393704786
393704784
393704782
393704780
393704778
393704776
393704774
393704772
393704770
393704768
393704762
393704760
393704758
393704756
393704754
393704752
393704750
393704748
393704746
393704744
393704742
393704740
393704738
393704736
393704734
393704732
393704730
393704728
393704726
393704724
393704722
393704720
393704718
393704716
393704714
393704712
393704710
393704708
393704598
393704596
393704594
393704592
393704464
393704462
393704460
393704458
393704456
393704454
393704452
393704450
393704448
393704446
393704363
393704361
393704297
393704295
393704293
393704291
393704289
393704287
393704285
393704283
393704281
393704279
393704277
393704275
393704273
393704271
393704269
393704267
393704265
393704261
393704259
393704257
393704255
393704253
393704251
393704249
393704247
393704245
393704243
393704241
393704239
393704237
393704177
390607687
385298945
385298943
385298941
385298939
384407054
384407052
375493265
375493231
375493199
343381815
343381813
343381811
343381809
343381807
319412469
319412468
319412467
319412466
319412465
319412464
319412463
319412462
319412461
319412460
319412459
319412458
319412457
319412456
319412455
319412454
319412453
319412452
319412451
319412450
319412449
319412448
319412447
319412446
319412445
319412444
319412443
319412442
319412441
319412440
319412439
319412438
319412437
319412436
319412435
319412434
319412433
319412432
319412431
319412430
319412429
319412428
319412427
319412426
319412425
319412424
319412423
319412422
319412421
319412420
319412419
319412418
319412417
319412416
319412415
319412414
319412413
319412412
319412411
319412410
319412409
319412408
319412407
319412406
319412405
319412404
319412403
319412402
319412401
319412400
319412399
319412398
319412397
319412396
319412395
319412394
319412393
319412392
319412391
319412390
319412389
319412388
319412387
319412386
319412385
319412383
319412382
319412381
319412380
319412379
319412378
319412377
319412376
319412375
319412374
319412373
319412372
319412371
319412370
319412369
319412368
319412367
319412366
319412365
319412364
319412363
319412362
319412361
319412360
319412359
319412358
319412357
319412356
319412355
319412354
319412353
319412352
319412351
319412350
319412349
319412348
319412347
319412346
319412345
319412344
319412343
319412342
319412341
319412340
319412339
319412338
319412337
319412336
319412335
319412334
319412333
319412332
319412331
319412330
319412329
319412328
319412327
319412326
319412325
319412324
319412323
319412322
319412321
319412320
319412319
319412318
319412317
319412316
319412315
319412314
319412313
319412312
319412311
319412310
319412309
319412308
319412307
319412306
319412305
319412304
319412303
319412302
319412301
319412300
319412299
355912517
332379898
332379896
144583514
326579759
289655744
289655742
289655740
289655738
323652514
298566651
298566483
298566367
194021756
308055158
308055156
126632235
126632233
126632225
84626276
54303888
27572981
27572979
27572977
27572975
27572973
27572971
27572969
27572967
27572965
27572963
27572961
27572959
27572957
27572955
27572953
27572951
27572949
27572947
27572945
27572943
27572941
27572939
27572937
27572935
27572933
27572931
27572929
260841633
270315118
270315116
270315114
270315112
270315110
270315108
270315106
270315104
270315102
270315100
270315098
270315096
13649849
755861
227262738
226432463
187236798
