122220869
122064574
122064573
75148030
75115607
75115603
27735171
10719915
3915822
3913393
3913244
3912978
1709829
1705590
584872
464848
6094138
3914464
3913118
3913117
68052561
48429208
6094135
6093986
6093984
6093983
2499556
462234
1711355
686983542
686983540
682122543
682122397
682122396
682122239
682122155
659676612
659676610
659676608
659676606
659676604
659676602
659676600
659676598
659676596
659676594
659676592
659676590
659676588
659676586
659676584
659676582
659676580
659676578
659676576
659676574
659676572
659676570
659676568
659676566
659676564
659676562
659676560
659676558
659676556
659676554
659676552
659676550
659676548
659676546
659676544
659676542
659676540
659676538
659676536
659676534
659676532
659676530
659676528
659676526
659676524
659676522
659676520
659676518
659676516
659676514
659676512
659676510
659676508
659676506
659676504
659676502
659676500
659676498
659676496
659676494
659676492
659676490
659676488
659676486
659676484
659676482
659676480
659676478
659676476
659676474
659676472
659676470
659676468
659676466
659676464
659676462
659676460
659676458
659676456
659676454
659676452
659676450
659676448
659676446
659676444
659676442
659676440
659676438
659676436
659676434
659676432
659676430
659676428
659676426
659676424
659676422
659676420
659676418
659676416
659676414
659676412
659676410
659676408
659676406
659676404
659676402
659676400
659676398
659676396
659676394
659676392
659676390
659676388
659676386
659676384
659676382
659676380
659676378
659676376
659676374
659676372
659676370
659676368
659676366
659676364
659676362
659676360
659676358
659676356
659676354
659676352
659676350
659676348
659676346
659676344
659676342
659676340
659676338
659676336
659676334
659676332
659676330
659676328
659676326
659676324
659676322
659676320
659676318
659676316
659676314
659676312
659676310
659676308
659676306
659676304
659676302
659676300
659676298
659676296
659676294
659676292
636571937
523420695
523420694
523420693
523420692
523420691
523420690
523420689
523420688
523420687
523420686
523420685
523420684
523420683
523420682
523420681
523420680
523420679
523420678
523420677
523420676
523420675
523420674
523420673
523420672
523420671
523420670
523420669
523420668
523420667
523420666
523420665
523420664
523420663
523420662
523420661
523420660
523420659
523420658
523420657
523420656
523420655
523420654
523420653
523420652
523420651
523420650
523420649
523420648
523420647
523420646
523420645
523420644
523420643
523420642
523420641
523420640
523420639
523420638
523420637
523420636
523420635
523420634
523420633
523420632
523420631
523420630
523420629
523420628
523420627
523420626
523420625
523420624
523420623
523420622
564731420
564731418
564731416
585867778
585867776
585867774
585867772
585867770
585867768
502524903
502524902
502524901
502524900
502524899
502524898
502524897
502524896
502524895
502524894
502524893
502524892
502524891
502524890
502524889
502524888
502524887
502524886
502524885
502524884
502524883
502524882
502524881
502524880
502524879
502524878
502524877
502524876
502524875
502524874
502524873
502524872
502524871
502524870
502524869
502524868
502524867
502524866
502524865
502524864
502524863
502524862
502524861
502524860
502524859
502524858
502524857
502524856
502524855
502524854
502524853
502524852
502524851
502524850
502524849
502524848
502524847
502524846
502524845
502524844
502524843
502524842
502524841
502524840
502524839
502524838
502524837
502524836
502524835
502524834
502524833
502524832
502524831
502524830
512745869
512745867
512745865
512745863
512745861
512745859
512745857
512745765
512745763
512745761
512745759
512745757
512745755
512745753
512745751
512745583
512745581
512745579
512745577
512745575
512745573
512745571
543906223
543906209
543906193
544345719
544345717
525547287
525547285
525547283
525547279
525547265
525547251
525547240
525547231
525547219
312434735
530669301
521952672
521952670
521952668
521952666
521952664
521952662
521952660
498905388
498904055
498904053
498904051
498904049
498904047
498904045
498904043
501288959
501288957
461726270
461726253
461726234
461726218
410026617
410026615
410026613
410026611
410026609
410026607
410026605
410026603
312204380
312204378
255917951
255917950
255917949
406034069
404243968
387233227
386802596
386802594
386802592
386802350
386802348
386802346
386802102
386802100
386802098
386801860
386801858
386801856
386801549
386801548
386801546
386801545
386801543
386801542
227069389
67772189
55275369
54288736
54288728
42415677
38371978
26023937
7959966
7959964
7959962
6049134
1165248
1061384
1061382
1061380
1061378
1061376
1061374
334690986
361584483
356990785
356990783
350606924
350606922
345421741
345421739
345421737
345421735
345421733
345421731
345421729
345421727
345421725
345421723
345421721
160689874
339780638
339780636
335885181
335885160
335885138
334302505
148535227
328887884
326937273
326937271
326937269
326380755
326380753
326380751
315259823
325112768
325112766
325112764
323444365
323444363
323444361
323444335
323444333
323444331
323444305
323444303
323444301
323444275
323444273
323444271
323444245
323444243
323444241
323444215
323444213
323444211
313666816
313666814
313666812
313666786
313666784
313666782
313494992
313494990
313494928
313494926
313494786
313494784
313494654
313494652
313494522
313494520
313494204
313494203
313494201
313494200
190612857
190612855
223468758
218203141
312204075
312204073
312204071
311901500
311901498
311901496
311788368
311788366
311788364
311788338
311788336
311788334
311323682
311323680
311323678
294818270
310975320
310975318
310975316
310975290
310975288
310975286
307950755
7800101
7800099
7800097
7800094
7800092
305862925
300661046
82908518
82908516
82908514
82908512
82908510
82908508
82908506
82908504
82908502
82908500
82908498
82908496
82908494
82908492
82908490
82908488
82908486
82908484
82908482
82908480
82908478
82908476
82908474
82908472
82908470
82908468
82908466
82908464
82908462
82908460
82908458
82908456
82908454
82908452
82908450
82908448
82908446
82908444
82908442
82908440
82908438
82908436
82908434
82908432
82908430
82908428
82908426
82908424
82908422
82908420
82908418
82908416
82908414
82908412
82908410
82908408
82908406
82908404
82908402
82908400
82908398
82908396
82908394
82908392
82908390
82908388
82908386
82908384
82908382
82908380
82908378
82908376
82908374
82908372
82908370
82908368
82908366
82908364
82908362
82908360
82908358
82908356
82908354
82908352
82908350
82908348
82908346
82908344
82908342
82908340
82908338
82908336
82908334
82908332
82908330
82908328
82908326
82908324
82908322
82908320
82908318
82908316
82908314
82908312
82908310
82908308
82908306
82908304
82908302
82908300
82908298
82908296
82908294
82908292
82908290
82908288
82908286
82908284
82908282
82908280
82908278
82908276
82908274
82908272
82908270
82908268
82908266
82908264
82908262
82908260
82908258
82908256
82908254
82908252
82908250
82908248
82908246
82908244
82908242
82908240
82908238
82908236
82908234
82908232
82908230
82908228
82908226
82908224
82908222
82908220
82908218
82908216
82908214
82908212
82908210
82908208
82908206
82908204
82908202
82908200
82908198
82908196
82908194
82908192
82908190
82908188
82908186
82908184
82908182
82908180
82908178
82908176
82908174
82908172
82908170
82908168
82908166
82908164
82908162
82908160
82908158
82908156
82908154
82908152
82908150
82908148
82908146
82908144
82908142
82908140
82908138
82908136
82908134
82908132
82908130
82908128
82908126
82908124
82908122
82908120
82908118
82908116
82908114
82908112
82908110
82908108
82908106
82908104
82908102
82908100
82908098
82908096
82908094
82908092
82908090
82908088
82908086
82908084
82908082
82908080
82908078
82908076
82908074
82908072
82908070
82908068
82908066
82908064
82908062
82908060
82908058
82908056
82908054
82908052
82908050
82908048
82908046
82908044
82908042
82908040
82908038
82908036
82908034
82908032
82908030
82908028
82908026
82908024
82908022
82908020
82908018
82908016
82908014
82908012
82908010
82908008
82908006
82908004
82908002
82908000
82907998
82907996
82907994
82907992
82907990
82907988
82907986
82907984
82907982
82907980
82907978
82907976
82907974
82907972
82907970
82907968
82907966
82907964
82907962
82907960
82907958
82907956
82907954
82907952
82907950
82907948
82907946
82907944
82907942
82907940
82907938
82907936
82907934
82907932
82907930
82907928
82907926
82907924
82907922
82907920
82907918
82907916
82907914
82907912
82907910
82907908
82907906
82907904
82907902
82907900
82907898
82907896
82907894
82907892
82907890
82907888
82907886
82907884
82907882
82907880
82907878
82907876
82908740
82908738
82908736
82908734
82908732
82908730
82908728
82908726
82908724
82908722
82908720
82908718
82908716
82908714
82908712
82908710
82908708
82908706
82908704
82908702
82908700
82908698
82908696
82908694
82908692
82908690
82908688
82908686
82908684
82908682
82908680
82908678
82908676
82908674
82908672
82908670
82908668
82908666
82908664
82908662
82908660
82908658
82908656
82908654
82908652
82908650
82908610
82908608
82908606
82908604
82908602
82908600
82908598
82908596
82908594
82908592
82908590
82908588
82908586
82908584
82908582
82908580
82908578
82908576
82908574
82908572
82908570
82908568
82908566
82908564
82908562
82908560
82908558
82908556
82908554
82908552
82908550
82908548
82908546
82908544
82908542
82908540
82908538
82908536
82908534
82908532
82908530
82908528
82908526
82908524
82908522
82908520
55275371
54399739
54288738
54288734
54288732
54288730
54288726
47059582
47059580
46360526
42415675
42415673
4099917
298557405
227069391
227069387
227069385
109729795
109729793
270610424
270306970
243291208
6049132
6049130
6049128
6049126
6049124
6049122
6049120
6049118
6049116
6049114
6049112
6049110
6049108
6049104
6049102
6049100
6049098
6049096
6049094
6049092
150416619
150250290
150250208
150250206
150250204
219881173
219881147
219881109
219881087
219562711
219562693
219391328
193735598
186898366
186898346
167859839
167859837
167859835
167859833
167859831
167859829
167859827
167859825
167859823
167859821
167859819
167859817
167859815
167859813
167859811
167859809
167859807
167859805
167859803
167859801
167859799
167859797
167859795
167859791
167859789
167859787
167859785
167859783
167859781
167859779
167859777
86278617
55740705
50910884
50910874
50910868
50910848
50910842
50910840
50910826
50897810
33359621
33359619
33359617
33359615
33337581
30841436
30841434
29293034
26023939
23955918
21322154
21322152
19880629
19070143
12002853
11181612
11181610
10764150
6580949
6580947
6580945
6580943
6580941
6580939
5616255
3928843
2959594
2959593
2959592
2959591
2959590
2959589
2959588
2959587
2959586
2959585
2959584
2959583
2959582
1916314
1399958
31541045
269996470
223468756
167859879
167859877
167859875
167859873
167859871
167859869
167859867
167859865
167859863
167859861
167859859
167859857
167859855
167859853
167859851
167859849
167859847
167859845
167859843
167859841
30984113
30841432
21322150
13488597
55669497
44804601
259654757
257745208
257742222
257732910
257728524
257684079
257670494
257670434
257657111
257656953
257656951
257656949
257656899
257656897
257656895
257656893
257656661
257656657
257656599
257642250
257317960
257317900
257357572
257339391
257336154
257325922
257323113
257290220
6683437
6683436
227474502
77546864
44804588
44804575
44804558
44804547
44804535
44804521
44804486
150014754
220675841
219980408
219973666
219973662
219973604
219931119
219910973
219910815
219910813
219910811
219910761
219910759
219910757
219910755
219900253
219801863
219801803
219797716
219797656
219792983
219762908
219760243
219749684
219736593
219728768
213499540
414071
160707913
156630102
156630100
156630098
156630096
156630094
156630092
156630090
154103632
154103630
154103628
154103626
154103624
556663
110321612
168203183
168203181
168203179
168203177
157283237
153799538
153799536
153799534
2627141
149250806
62642127
62642096
63034231
62642315
62642313
62642311
62642309
62642307
62642287
62642266
62642242
62642214
62642189
62642165
62642147
62642129
62642125
62642123
62642121
62642119
62642117
62642115
62642113
62642111
62642109
62642107
62642104
62642102
62642100
62642098
62642094
62642092
62642090
62642088
62642086
62642084
62642082
87130772
87130771
109390999
109390997
109390995
109390993
109390991
109390989
109390987
109390985
109390983
109390981
109390979
109390977
109390975
109390973
109390971
109390969
109390967
109390965
109390963
109390961
109390959
109390957
109390955
109390953
109390951
109390949
109390947
109390945
109390943
109390941
109390939
109390937
109390935
109390933
109390931
108936914
108936912
108936910
108936908
108936906
108936904
108936902
108936900
108936898
108936896
108936894
108936892
108936890
108936888
108936886
108936884
108936654
108936652
108936650
108936648
108936646
108936644
108936642
108936640
108936638
108936636
108936634
108936632
108936630
108936628
108936626
108936624
108936622
108936620
108936618
108936616
108936614
108936612
108936610
108936608
108936606
108936604
108936602
108936600
108936598
108936596
108936594
108936592
108936590
108936588
108936586
108936584
108936582
108936580
108936578
108936576
108936574
108936572
108936570
108936568
108936566
108936564
108936562
108936560
108936511
108936509
108936507
108936505
108936503
108936501
108936499
108936497
108936495
108936493
108936491
108936489
108936487
108936485
108936483
108936481
108936479
108936477
108936475
108936473
108936471
108936469
108936467
108936465
108936463
108936461
108936459
108936457
108936455
108936453
108936451
108936449
108936447
108936445
108936443
108936441
108936439
108936437
108936435
108936433
108936431
108936429
108936427
108936425
108936423
108936421
108936419
108936417
108936415
108936413
108936411
108936409
108936407
108936405
108936403
108936401
108936399
108936397
108936395
108936393
108936391
108936389
108936387
108936385
108936383
108936381
108936377
108936375
108936373
108936371
108936369
108936367
108936365
108936363
108936361
108936359
108936357
108936355
108936353
108936351
108936349
108936347
108936345
108936343
108936341
108936339
108936337
108936335
108936333
108936331
108936329
108936327
108936325
108936323
108936321
108936319
108936317
108936315
108936313
108936311
108936309
108936307
108936305
108936303
108936301
108936299
108936297
108936295
108936293
108936291
108936289
108936287
108936285
108936283
108936281
108936279
108936277
108936275
108936273
108936271
108936269
108936267
108936265
108936263
108936261
108936259
108936257
108936255
108936253
108936251
108936249
108936247
108936245
108936243
108936241
108936239
108936237
108936235
108936233
108936231
108936229
108936227
108936225
108936223
108936221
108936219
108936217
108936215
108936213
108936211
108936209
108936207
108936205
108936203
108936201
108936199
108936197
108936195
108936193
108936191
108936189
108936187
108936185
108936183
108936181
108936179
108936177
108936175
108936173
108936171
108936169
108936167
108936165
108936163
108936161
108936159
108936157
108936155
108936153
108936151
108936149
108936147
108936145
108936143
108936141
108936139
108936137
108936135
108936133
108936131
108936129
108936127
108936076
108936074
108936072
108936070
108936068
108936066
108936064
108936062
108936060
108936058
108936056
108936054
108936052
108936050
108936048
108936046
108936044
108936042
108936040
108936038
108936036
108936034
108936032
108936030
108860295
108860293
108860291
108860289
108860287
108860285
108860283
108860281
108860279
108860277
108860275
108860273
108860271
108860269
108860267
108860265
108860263
108860261
108860259
108860257
108860255
108860253
108860251
108860249
108860247
108860245
108860243
108860241
108860239
108860237
108860235
108860233
108860231
108860229
108860227
108860225
108860223
108860221
108860219
108860217
108860215
108860213
108860211
108860209
108860207
108860205
108860203
108860201
108860199
108860197
108860195
108860193
108860191
108860189
108860187
108860185
108860183
108860181
108860179
108860177
108860175
108860173
108860171
108860169
108860167
108860165
108860163
108860161
108860159
108860157
108860155
108860153
108860151
108860149
108860147
108860145
108860143
108860141
108860139
108860137
108860135
108860133
108860131
108860129
108860127
108860125
108860123
108860121
108860119
108860117
108860115
108860113
108860111
108860109
108860107
108860105
108860103
108860101
108860099
108860097
108860095
108860093
108860091
108860089
108860087
108860085
108860083
108860081
108860079
108860077
108860075
108860073
108860071
108860069
108860067
108860065
108860063
108860061
108860059
108860057
108860055
108860053
108860051
108860049
108860047
108860045
108860043
108860041
108860039
108860037
108860035
108860033
108860031
108860029
108860027
108860025
108860023
108860021
108860019
108860017
108860015
108860013
108860011
108860009
108860007
108860005
108860003
108860001
108859999
108859997
108859995
108859993
108859991
108859989
108859987
108859985
108859983
108859981
108859979
108859977
108859975
108859973
108859971
108859969
108859967
108859965
108859963
108859961
108859959
108859957
108859955
108859953
108859951
108859949
108859947
108859945
108859943
108859941
108859939
108859937
108859935
108859933
108859931
108859929
108859927
108859925
108859923
108859921
108859919
108859917
108859915
108859913
108859911
108859909
108859907
108859905
108859903
108859901
108859899
108859897
108859895
108859893
108859891
108859889
108859887
108859885
108859883
108859881
108859879
108859877
108859875
108859873
108859871
108859869
108859867
108859865
108859863
108859861
108859859
108859857
108859855
108859853
108859851
108859849
108859847
108859845
108859843
108859841
108859839
108859837
108859835
108859833
108859831
108859829
108859827
108859825
108859823
108859821
108859819
108859817
108859815
108859813
108859811
108859809
108859807
108859805
108859803
108859801
108859799
108859797
108859795
108859793
108859791
108859789
108859787
108859785
108859783
108859781
108859779
108859777
108859775
108859773
108859771
108859769
108859767
108859765
108859763
108859761
108859759
108859757
108859755
108859753
108859751
108859749
108859747
108859745
108859743
108859741
108859739
108859737
108859735
108859733
108859731
108859729
108859727
108859725
108859723
108859721
108859719
108859717
108859715
108859713
108859711
108859709
108859707
108859705
108859703
108859701
108859699
108859697
108859695
108859693
108859691
108859689
108859687
108859685
108859683
108859681
108859679
108859677
108859675
108859673
108859671
108859669
108859667
108859665
108859663
108859661
108859659
108859657
108859655
108859653
108859651
108859649
108859647
108859645
108859643
108859641
108859639
108859637
108859635
108859633
108859631
108859629
108859627
108859625
108859623
108859621
108859619
108859617
108859615
108859613
108859611
108859609
108859607
108859605
108859603
108859601
108859599
108859597
108859595
108859593
108859591
108859589
108859587
108859585
108859583
108859581
108859579
108859577
108859575
108859573
108859571
108859569
108859567
108859565
108859563
108859561
108859559
108859557
108859555
108859553
108859551
108859549
108859547
108859545
108859543
108859541
108859539
108859537
108859535
108859533
108859531
108859529
108859527
108859525
108859523
108859521
108859519
108859517
108859515
108859513
108859511
108859509
108859507
108859505
108859503
108859501
108859499
108859497
108859495
108859493
108859491
108859489
108859487
108859485
108859483
108859481
108859479
108859477
108859475
108859473
108859471
108859469
108859467
108859465
108859463
108859461
108859459
108859457
108859455
108859453
108859451
108859449
108859447
108859445
108859443
108859441
108859439
108859437
108859435
108859433
108859431
108859429
108859427
108859425
108859423
108859421
108859419
108859417
108859415
108859413
108859411
108859409
108859407
108859405
108859403
108859401
108859399
108859397
108859395
108859393
108859391
108859389
108859387
108859385
108859383
108859381
108859379
108859377
108859375
108859373
108859371
108859369
108859367
108859365
108859363
108859361
108859359
108859357
108859355
108859353
108859351
108859349
108859347
108859345
108859343
108859341
108859339
108859337
108859335
108859333
108859331
108859329
108859327
108859325
108859323
108859321
108859319
108859317
76782080
76782076
76782070
76782060
76782058
76782054
76782050
21068480
21068478
21068476
21068474
21068472
21068469
3451288
3451286
3451284
2764579
2764578
758205
607152
607150
297871
114144940
113531032
113531030
113531028
113531026
55057260
55057258
55057256
66840766
66840764
66840762
66840760
108936750
108936748
108936746
108936744
108936742
108936740
108936738
108936736
108936734
108936732
108936730
108936728
108936726
108936724
108936722
108936720
108936718
108936716
108936714
108936712
108936710
108936708
108936706
108936704
108936702
108936700
108936698
108936696
108936694
108936692
108936690
108936688
108936686
108936684
108936682
108936680
108936678
108936676
108936674
108936672
108936670
108936668
108936666
108936664
108936662
108936660
108936658
108936656
108936379
2258137
104162062
99644400
99644395
99644390
96772920
67003832
87132988
71370281
20424
20411
20406
2765748
2258135
1619829
1360108
695690
695688
695686
454980
395223
393443
56605370
18376589
12583571
12583569
12583565
12580869
12580863
12580861
12580859
12580855
6688979
4539145
3021538
2764581
2764576
2764571
2764570
2764569
2764568
2764567
8777518
56605372
50657209
1483177
12580871
12580857
23392865
12580873
12580867
12580865
9968613
9968609
9968604
9968601
6688972
6688970
6688968
6688920
6688918
6688916
6688914
6688912
18376587
12583567
296882015
2897658
2897655
2897652
6683294
6683220
2764565
11691870
2661404
2950370
2950366
2661388
475961
1200123
607148
