728042338
728042337
728042336
728042335
342316183
342316182
342316181
342316180
342316179
342316178
342316177
342316176
342316175
342316174
342316173
342316172
342316171
342316170
342316169
342316168
342316167
342316166
342316165
342316164
342316163
342316162
342316161
342316160
342316159
342316158
342316157
342316156
342316155
342316154
342316153
342316152
342316151
342316150
342316149
342316148
342316147
342316146
342316145
342316144
342316143
342316142
342316141
342316140
342316139
342316138
342316137
342316136
342316135
342316134
342316133
342316132
342316131
342316130
342316129
342316128
342316127
342316126
342316125
342316124
342316123
342316122
342316121
342316120
342316119
342316118
342316117
342316116
342316115
342316114
342316113
342316112
342316111
342316110
342316109
342316108
342316107
342316106
342316105
342316104
342316103
342316102
342316101
1170568
75318232
68052772
672374545
672374544
672374543
672374542
672374541
672374540
672374539
672374538
672374537
672374536
672374535
672374534
672374533
672374532
672374531
672374530
672374529
672374528
672374527
672374526
672374525
672374524
672374523
672374522
672374521
341834133
341834131
341834129
341834128
341834127
341834126
341834124
341834123
341834122
341834121
341834119
341834118
341834116
341834115
341834114
341834113
341834111
341834110
341834109
341834107
341834106
341834105
341834103
341834102
341834100
341834099
341834098
341834096
341834095
341834094
341834093
341834092
341834091
341834090
341834088
341834086
341834084
341834083
341834082
341834081
341834080
341834079
341834078
341834077
341834075
341834073
341834071
341834070
341834069
341834067
341834066
341834065
341834064
341834059
341834058
341834056
341834055
341834054
341834052
341834051
559149445
559149443
559149433
559149427
559149425
559149419
559149411
559149405
559149403
559149399
559149397
559149395
559149391
559149387
559149385
559149383
559149375
559149373
559149367
559149361
559149357
559149355
559149347
559149345
559149341
559149339
559149333
559149329
559149327
559149325
559149323
559149317
559149315
559149313
559149307
559149301
559149297
559149293
559149289
559149287
559149277
559149271
559149269
559149263
559149255
559149249
559149247
559149243
559149241
559149239
559149235
559149231
559149229
559149227
559149219
559149217
559149211
559149205
559149201
559149199
559149191
559149189
559149185
559149183
559149177
559149173
559149171
559149169
559149167
559149161
559149159
559149157
559149151
559149145
559149141
559149137
559149132
559149131
559149129
559149128
559149114
559149113
559149105
559149104
559149102
559149101
559149093
559149092
559149081
559149080
559149072
559149071
559149069
559149068
559149063
559149062
559149060
559149059
559149057
559149056
559149051
559149050
559149045
559149044
559149042
559149041
559149039
559149038
559149027
559149026
559149024
559149023
559149015
559149014
559149006
559149005
559149000
559148999
559148997
559148996
559148985
559148984
559148982
559148981
559148976
559148975
559148973
559148972
559148964
559148963
559148958
559148957
559148955
559148954
559148952
559148951
559148949
559148948
559148940
559148939
559148937
559148936
559148934
559148933
559148925
559148924
559148916
559148915
559148910
559148909
559148904
559148903
361051403
507914296
507914274
507914202
507914152
406034153
404244172
387164729
387164728
387164727
387164726
387164725
387164724
387164723
387164722
387164721
387164720
387164719
387164718
387164717
387164716
387164715
387164714
387164713
387164712
387164711
387164710
387164709
387164708
387164707
387164706
387164705
387164704
387164703
387164702
387164701
387164700
387164699
387164698
387164697
387164696
387164695
385252655
385252654
385252653
385252652
385252651
385252650
385252649
385252648
385252647
385252646
385252645
385252644
385252643
385252642
385252641
385252640
385252639
385252638
385252637
385252636
385252635
385252634
385252633
385252632
385252631
385252630
385252629
385252628
385252627
385252626
385252625
385252624
385252623
385252622
385252621
379041029
379039031
379035685
379035675
379034360
379033073
379032897
359357906
359357904
359357902
359357900
359357898
359357896
297381099
297381097
297381095
297381093
297381091
297381089
297381087
297381085
296033498
296033496
296033494
296033492
296033490
296033488
296033486
296033484
294985534
294985532
294985530
294985528
294985526
294985524
294985522
294985520
294985344
294985342
294985340
294985338
294985336
294985334
294985332
294985330
294984702
294984700
294984698
294984696
294984694
294984692
294984690
294336271
294336269
294336267
294336265
294336263
294336261
294336259
294336257
294336077
294336075
294336073
294336071
294336069
294336067
294336065
294336063
74229863
37703730
37183394
22651429
22506909
17232944
17220907
257725631
257722934
257722740
257721866
257720774
257720152
257713814
257684482
257684414
257681616
257680996
257674943
257674424
257669174
257657807
257656855
257639360
257625307
209417653
209417453
219908485
558648
438245
1514643
